h^0:
h^1:
h^2:
# 1 1 1 
3 2 1   0 1 2 3    -2/3
3 2 1   0 2 1 3    2/3
3 2 1   0 4 1 2    -2/3
h^3:
# 1 2 2 
3 3 1   0 1 1 2 2 3    -2/3
3 3 1   0 2 1 2 1 3    2/3
3 3 1   0 4 1 2 1 2    -2/3
# 2 1 2 
3 3 1   0 1 0 2 2 3    -2/3
3 3 1   0 2 0 2 1 3    2/3
3 3 1   0 2 0 5 1 2    -2/3
# 2 2 1 
3 3 1   0 1 0 1 2 3    -2/3
3 3 1   0 1 0 2 1 4    2/3
3 3 1   0 1 0 5 1 2    -2/3
# 1 2 1 
3 3 1   0 1 1 3 2 4    1/3
3 3 1   0 1 1 5 2 3    -1/3
3 3 1   0 4 1 5 1 2    -1/3
3 3 1   0 4 1 2 1 3    1/3
# 1 1 2 
3 3 1   0 1 2 3 2 4    1/3
3 3 1   0 1 2 3 2 3    1/3
3 3 1   0 2 1 3 2 4    -1/6
3 3 1   0 4 1 2 2 3    1/6
3 3 1   0 2 1 5 2 3    -1/6
3 3 1   0 4 2 5 1 2    1/6
3 3 1   0 4 1 2 2 4    1/3
3 3 1   0 2 1 2 3 4    -1/3
3 3 1   0 2 1 3 2 3    -1/3
# 2 1 1 
3 3 1   0 1 0 3 2 3    -1/3
3 3 1   0 1 0 3 2 4    -1/6
3 3 1   0 1 0 2 3 4    1/3
3 3 1   0 1 0 5 2 3    -1/6
3 3 1   0 2 0 3 1 3    1/3
3 3 1   0 4 1 2 0 4    -1/3
3 3 1   0 4 0 5 1 2    -1/3
3 3 1   0 2 0 3 1 4    1/6
3 3 1   0 2 0 5 1 3    1/6
h^4:
# 4 3 1 
3 4 1   0 1 0 1 0 1 0 2    1/6-4*w_4_1
# 4 2 2 
3 4 1   0 1 0 1 0 2 0 2    1/4-6*w_4_1
# 3 1 4 
3 4 1   0 2 0 2 0 2 1 2    -1/6+4*w_4_1
# 4 1 3 
3 4 1   0 1 0 2 0 2 0 2    1/6-4*w_4_1
# 2 2 4 
3 4 1   0 2 0 2 1 2 1 2    -1/4+6*w_4_1
# 1 3 4 
3 4 1   0 2 1 2 1 2 1 2    -1/6+4*w_4_1
# 4 2 1 
3 4 1   0 1 0 1 0 2 0 3    1/3-2*w_4_2
3 4 1   0 1 0 1 0 2 0 5    1/6-w_4_2
# 1 2 4 
3 4 1   0 2 1 2 1 2 2 3    1/6+w_4_3
3 4 1   0 2 1 2 1 2 2 4    1/3+2*w_4_3
# 4 1 2 
3 4 1   0 1 0 2 0 2 0 3    1/6-w_4_2
3 4 1   0 1 0 2 0 2 0 4    1/3-2*w_4_2
# 2 1 4 
3 4 1   0 2 0 2 1 2 2 3    1/3+2*w_4_3
3 4 1   0 2 0 2 1 2 2 5    1/6+w_4_3
# 2 3 2 
3 4 1   0 1 0 1 1 2 2 3    -2/3
3 4 1   0 1 0 2 1 2 1 4    2/3
3 4 1   0 1 0 5 1 2 1 2    -2/3
# 1 3 3 
3 4 1   0 1 1 2 1 2 2 3    -1/3
3 4 1   0 2 1 2 1 2 1 3    1/6+w_4_2
3 4 1   0 2 1 2 1 2 1 4    -1/3+2*w_4_2
3 4 1   0 4 1 2 1 2 1 2    -1/2+w_4_2
# 3 3 1 
3 4 1   0 1 0 1 0 1 2 3    -1/2-w_4_3
3 4 1   0 1 0 1 0 2 1 3    -1/3-2*w_4_3
3 4 1   0 1 0 1 0 2 1 5    1/6-w_4_3
3 4 1   0 1 0 1 0 6 1 2    -1/3
# 3 1 3 
3 4 1   0 1 0 2 0 2 2 3    -1/2-w_4_3
3 4 1   0 1 0 2 0 2 2 4    -1/3-2*w_4_3
3 4 1   0 2 0 2 0 2 1 3    w_4_2-w_4_3
3 4 1   0 2 0 2 0 3 1 2    -1/3+2*w_4_2
3 4 1   0 2 0 2 0 6 1 2    -1/2+w_4_2
# 2 2 3 
3 4 1   0 1 0 2 1 2 2 3    -2/3
3 4 1   0 2 0 2 1 2 1 3    1/3+2*w_4_2
3 4 1   0 2 0 3 1 2 1 2    -1/6+w_4_2
3 4 1   0 2 0 2 1 2 1 5    -1/6+w_4_2
3 4 1   0 2 0 5 1 2 1 2    -1+2*w_4_2
# 3 2 2 
3 4 1   0 1 0 1 0 2 2 5    -1/6-w_4_3
3 4 1   0 1 0 2 0 2 1 3    -1/6-w_4_3
3 4 1   0 1 0 1 0 2 2 3    -1-2*w_4_3
3 4 1   0 1 0 2 0 2 1 4    1/3-2*w_4_3
3 4 1   0 1 0 2 0 6 1 2    -2/3
# 4 1 1 
3 4 1   0 1 0 2 0 3 0 3    1/6-w_4_4
3 4 1   0 1 0 2 0 3 0 4    1/9-2*w_4_5
3 4 1   0 1 0 2 0 4 0 4    1/6-w_4_4
3 4 1   0 1 0 2 0 3 0 5    -w_4_6
3 4 1   0 1 0 2 0 4 0 5    -w_4_6
3 4 1   0 1 0 2 0 6 0 5    -2*w_4_13
# 1 1 4 
3 4 1   0 2 1 2 2 3 2 3    -1/6+w_4_17
3 4 1   0 2 1 2 2 4 2 4    -1/6+w_4_17
3 4 1   0 2 1 2 2 3 2 4    -1/9+2*w_4_18
3 4 1   0 2 1 2 2 3 2 5    w_4_19
3 4 1   0 2 1 2 2 4 2 5    w_4_19
3 4 1   0 2 1 2 2 6 2 5    2*w_4_23
# 1 3 2 
3 4 1   0 1 1 2 1 3 2 5    1/3
3 4 1   0 1 1 2 1 4 2 3    -2/9
3 4 1   0 1 1 2 1 6 2 3    -1/3
3 4 1   0 2 1 2 1 3 1 3    -1/6+w_4_4
3 4 1   0 2 1 2 1 4 1 4    -1/6+w_4_4
3 4 1   0 4 1 2 1 2 1 4    -1/3+2*w_4_4
3 4 1   0 2 1 2 1 3 1 4    1/9+2*w_4_5
3 4 1   0 4 1 2 1 2 1 5    -1/3+2*w_4_5
3 4 1   0 2 1 2 1 3 1 5    w_4_6
3 4 1   0 2 1 2 1 4 1 5    w_4_6
3 4 1   0 4 1 2 1 2 1 3    1/3+w_4_6
3 4 1   0 4 1 5 1 2 1 2    -1/3+w_4_6
3 4 1   0 2 1 2 1 6 1 5    2*w_4_13
3 4 1   0 4 1 3 1 2 1 2    2*w_4_13
# 2 3 1 
3 4 1   0 1 0 2 1 3 1 3    1/6-w_4_17
3 4 1   0 1 0 1 1 3 2 3    1/3-2*w_4_17
3 4 1   0 1 0 1 1 3 2 4    1/3-2*w_4_18
3 4 1   0 1 0 1 1 3 2 5    1/3-w_4_19
3 4 1   0 1 0 2 1 3 1 4    -1/9-2*w_4_18
3 4 1   0 1 0 5 1 2 1 3    2/9
3 4 1   0 1 0 1 1 6 2 3    -1/3-w_4_19
3 4 1   0 1 0 2 1 4 1 4    1/6-w_4_17
3 4 1   0 1 0 5 1 6 1 2    -1/3
3 4 1   0 1 0 5 1 2 1 4    1/3
3 4 1   0 1 0 2 1 3 1 5    -w_4_19
3 4 1   0 1 0 2 1 4 1 5    -w_4_19
3 4 1   0 1 0 1 1 6 2 5    -2*w_4_23
3 4 1   0 1 0 2 1 6 1 5    -2*w_4_23
# 3 2 1 
3 4 1   0 1 0 2 0 3 1 5    -1/6-w_4_9
3 4 1   0 1 0 2 0 6 1 3    -1/6-w_4_14
3 4 1   0 1 0 1 0 3 2 3    -1/3-w_4_7
3 4 1   0 1 0 1 0 3 2 4    -1/3-w_4_8
3 4 1   0 1 0 1 0 3 2 5    -1/3-w_4_9
3 4 1   0 1 0 2 0 4 1 3    -1/9-w_4_8
3 4 1   0 1 0 2 0 3 1 4    1/9-w_4_8
3 4 1   0 1 0 3 0 6 1 2    -2/9
3 4 1   0 1 0 1 0 2 3 5    1/3
3 4 1   0 1 0 1 0 6 2 3    -1/3-w_4_14
3 4 1   0 1 0 2 0 4 1 4    1/3-w_4_7
3 4 1   0 1 0 5 1 2 0 5    -1/3
3 4 1   0 1 0 5 0 6 1 2    -1/3
3 4 1   0 1 0 2 0 3 1 3    -w_4_7
3 4 1   0 1 0 2 0 4 1 5    -w_4_9
3 4 1   0 1 0 2 0 6 1 4    -w_4_14
3 4 1   0 1 0 1 0 6 2 5    -w_4_15
3 4 1   0 1 0 2 0 6 1 5    -2*w_4_15
# 1 2 3 
3 4 1   0 1 1 2 2 3 2 3    1/3
3 4 1   0 1 1 2 2 3 2 4    2/9
3 4 1   0 1 1 2 2 3 2 5    1/3
3 4 1   0 2 1 2 1 3 2 3    -1/3+w_4_7
3 4 1   0 2 1 2 1 4 2 4    w_4_7
3 4 1   0 4 1 2 1 2 2 4    1/3+w_4_7
3 4 1   0 2 1 2 1 3 2 4    -1/9+w_4_8
3 4 1   0 2 1 2 1 4 2 3    1/9+w_4_8
3 4 1   0 4 1 2 1 2 2 5    1/3+w_4_8
3 4 1   0 2 1 2 1 3 2 5    w_4_9
3 4 1   0 2 1 2 1 4 2 5    1/6+w_4_9
3 4 1   0 4 1 2 1 2 2 3    1/3+w_4_9
3 4 1   0 2 1 2 1 6 2 3    w_4_14
3 4 1   0 2 1 2 1 6 2 4    1/6+w_4_14
3 4 1   0 4 2 5 1 2 1 2    1/3+w_4_14
3 4 1   0 2 1 2 1 6 2 5    2*w_4_15
3 4 1   0 4 2 3 1 2 1 2    w_4_15
3 4 1   0 2 1 2 1 2 3 4    -1/3
# 2 1 3 
3 4 1   0 1 0 2 2 3 2 3    1/2-w_4_17
3 4 1   0 1 0 2 2 4 2 4    1/6-w_4_17
3 4 1   0 1 0 2 2 3 2 4    1/3-2*w_4_18
3 4 1   0 1 0 2 2 3 2 5    1/3-w_4_19
3 4 1   0 2 0 2 1 3 2 3    w_4_7-2*w_4_17
3 4 1   0 2 0 3 1 2 2 3    w_4_7
3 4 1   0 2 0 5 1 2 2 5    1/3+w_4_7
3 4 1   0 2 0 2 1 3 2 4    w_4_8-2*w_4_18
3 4 1   0 2 0 3 1 2 2 5    1/9+w_4_8
3 4 1   0 2 0 5 1 2 2 3    1/3+w_4_8
3 4 1   0 2 0 2 1 3 2 5    w_4_9-w_4_19
3 4 1   0 2 0 3 1 2 2 4    1/6+w_4_9
3 4 1   0 2 0 5 1 2 2 4    1/3+w_4_9
3 4 1   0 2 0 2 1 6 2 3    w_4_14-w_4_19
3 4 1   0 2 0 5 2 3 1 2    1/6+w_4_14
3 4 1   0 2 0 5 2 6 1 2    1/3+w_4_14
3 4 1   0 2 0 2 1 6 2 5    -2*w_4_23+w_4_15
3 4 1   0 2 0 5 2 4 1 2    2*w_4_15
3 4 1   0 2 0 2 1 2 3 5    -1/3
3 4 1   0 1 0 2 2 4 2 5    -w_4_19
3 4 1   0 1 0 2 2 6 2 5    -2*w_4_23
# 3 1 2 
3 4 1   0 1 0 2 0 3 2 4    -1/9-w_4_8
3 4 1   0 1 0 2 0 3 2 3    -1/3-w_4_7
3 4 1   0 1 0 2 0 3 2 5    -1/3-w_4_9
3 4 1   0 1 0 2 0 4 2 5    -1/6-w_4_9
3 4 1   0 1 0 2 0 6 2 4    -1/6-w_4_14
3 4 1   0 1 0 2 0 2 3 4    1/3
3 4 1   0 1 0 2 0 4 2 3    -1/3-w_4_8
3 4 1   0 1 0 2 0 6 2 3    -1/3-w_4_14
3 4 1   0 2 0 2 0 3 1 3    -w_4_7+2*w_4_4
3 4 1   0 2 0 3 0 3 1 2    -1/6+w_4_4
3 4 1   0 2 0 5 1 2 0 5    -1/2+w_4_4
3 4 1   0 2 0 2 0 3 1 4    -w_4_8+2*w_4_5
3 4 1   0 2 0 3 0 6 1 2    -1/3+2*w_4_5
3 4 1   0 2 0 2 0 3 1 5    -w_4_9+w_4_6
3 4 1   0 2 0 2 0 6 1 3    -w_4_14+w_4_6
3 4 1   0 2 0 3 0 4 1 2    w_4_6
3 4 1   0 2 0 5 0 6 1 2    -1/3+w_4_6
3 4 1   0 2 0 2 0 6 1 5    2*w_4_13-w_4_15
3 4 1   0 2 0 5 0 4 1 2    2*w_4_13
3 4 1   0 1 0 2 0 4 2 4    -w_4_7
3 4 1   0 1 0 2 0 6 2 5    -2*w_4_15
# 2 2 2 
3 4 1   0 1 0 2 1 3 2 4    1/9-2*w_4_18
3 4 1   0 1 0 1 2 3 2 5    1/3-w_4_19
3 4 1   0 1 0 2 1 3 2 3    1/3-2*w_4_17
3 4 1   0 1 0 2 1 3 2 5    1/3-w_4_19
3 4 1   0 1 0 3 1 2 2 3    -1/3
3 4 1   0 1 0 3 1 2 2 4    -1/6
3 4 1   0 1 0 1 2 3 2 3    1/2-w_4_17
3 4 1   0 1 0 1 2 3 2 4    1/2-w_4_18
3 4 1   0 1 0 2 1 4 2 5    -1/6-w_4_19
3 4 1   0 1 0 5 1 2 2 4    1/6
3 4 1   0 1 0 2 1 6 2 4    -1/6-w_4_19
3 4 1   0 1 0 5 2 6 1 2    1/6
3 4 1   0 1 0 2 1 2 3 4    1/3
3 4 1   0 1 0 2 1 4 2 3    -1/3-2*w_4_18
3 4 1   0 1 0 2 1 6 2 3    -1/3-w_4_19
3 4 1   0 1 0 5 2 3 1 2    -1/6
3 4 1   0 2 0 2 1 3 1 3    w_4_4-w_4_17
3 4 1   0 2 0 3 1 2 1 3    2*w_4_4
3 4 1   0 2 0 5 1 2 1 5    -1/3+2*w_4_4
3 4 1   0 4 1 2 0 4 1 2    -1/2+w_4_4
3 4 1   0 2 0 2 1 3 1 4    w_4_5-w_4_18
3 4 1   0 2 0 3 1 2 1 5    -1/9+2*w_4_5
3 4 1   0 2 0 5 1 2 1 3    1/3+2*w_4_5
3 4 1   0 4 1 2 0 6 1 2    -1/2+w_4_5
3 4 1   0 2 0 2 1 3 1 5    w_4_6-w_4_19
3 4 1   0 2 0 3 1 2 1 4    1/6+w_4_6
3 4 1   0 2 0 5 1 3 1 2    1/6+w_4_6
3 4 1   0 2 0 5 1 2 1 4    1/3+w_4_6
3 4 1   0 2 0 5 1 6 1 2    -1/3+w_4_6
3 4 1   0 4 0 5 1 2 1 2    -1/3+w_4_6
3 4 1   0 2 0 2 1 6 1 5    w_4_13-w_4_23
3 4 1   0 2 0 5 1 4 1 2    4*w_4_13
3 4 1   0 4 0 3 1 2 1 2    w_4_13
3 4 1   0 1 0 5 1 2 2 5    1/3
3 4 1   0 1 0 2 1 2 4 5    -1/3
3 4 1   0 1 0 2 1 4 2 4    -2*w_4_17
3 4 1   0 1 0 1 2 6 2 5    -w_4_23
3 4 1   0 1 0 2 1 6 2 5    -4*w_4_23
# 1 3 1 
3 4 1   0 1 1 3 1 3 2 3    -1/6-3*w_4_120
3 4 1   0 1 1 3 1 3 2 4    -1/3-w_4_121
3 4 1   0 1 1 2 1 3 3 4    2/9
3 4 1   0 1 1 2 1 3 4 5    1/9
3 4 1   0 1 1 3 1 6 2 3    1/9-w_4_121
3 4 1   0 1 1 3 1 6 2 4    1/9-w_4_124
3 4 1   0 1 1 2 1 4 3 4    2/9
3 4 1   0 1 1 5 2 3 1 5    -1/6-w_4_123
3 4 1   0 2 1 3 1 3 1 3    -w_4_120+w_4_29
3 4 1   0 4 1 2 1 4 1 4    -1/6+3*w_4_29
3 4 1   0 2 1 3 1 3 1 4    w_4_30-w_4_121
3 4 1   0 4 1 2 1 3 1 4    1/9+w_4_30
3 4 1   0 4 1 2 1 4 1 5    w_4_30
3 4 1   0 4 1 5 1 2 1 5    -1/3+w_4_30
3 4 1   0 2 1 3 1 4 1 4    -w_4_123+w_4_34
3 4 1   0 4 1 2 1 3 1 3    -1/6+w_4_34
3 4 1   0 4 1 5 1 2 1 4    2*w_4_34
3 4 1   0 2 1 3 1 4 1 5    -w_4_124+w_4_35
3 4 1   0 4 1 2 1 3 1 5    w_4_35
3 4 1   0 4 1 5 1 2 1 3    1/9+w_4_35
3 4 1   0 4 1 5 1 6 1 2    w_4_35
3 4 1   0 2 1 3 1 6 1 5    -w_4_128+w_4_42
3 4 1   0 4 1 2 1 6 1 5    w_4_42
3 4 1   0 4 1 3 1 2 1 5    2*w_4_42
3 4 1   0 2 1 5 1 4 1 4    w_4_70-w_4_138
3 4 1   0 4 1 3 1 2 1 3    w_4_70
3 4 1   0 4 1 3 1 2 1 4    w_4_70
3 4 1   0 4 1 5 1 4 1 2    w_4_70
3 4 1   0 2 1 5 1 6 1 4    -w_4_140+w_4_74
3 4 1   0 4 1 5 1 3 1 2    3*w_4_74
3 4 1   0 1 1 2 1 4 3 5    -1/9
3 4 1   0 1 1 3 1 4 2 3    -w_4_121
3 4 1   0 1 1 3 1 4 2 4    -2*w_4_123
3 4 1   0 1 1 3 1 4 2 5    -w_4_124
3 4 1   0 1 1 5 1 6 2 3    -w_4_124
3 4 1   0 1 1 3 1 6 2 5    -2*w_4_128
3 4 1   0 1 1 5 1 4 2 3    -w_4_128
3 4 1   0 1 1 5 1 4 2 4    -w_4_138
3 4 1   0 1 1 5 1 6 2 5    -w_4_138
3 4 1   0 1 1 5 2 4 1 5    -w_4_138
3 4 1   0 1 1 5 1 6 2 4    -3*w_4_140
# 3 1 1 
3 4 1   0 1 0 2 0 3 3 5    -1/3-w_4_11
3 4 1   0 1 0 3 0 3 2 3    -1/6-w_4_31
3 4 1   0 1 0 3 0 3 2 4    -1/3-w_4_32
3 4 1   0 1 0 2 0 3 3 4    1/9-w_4_10
3 4 1   0 1 0 2 0 3 4 5    -1/9-w_4_12
3 4 1   0 1 0 3 0 6 2 3    -1/9-w_4_43
3 4 1   0 1 0 3 0 6 2 4    -1/9-w_4_44
3 4 1   0 1 0 2 0 4 4 5    -1/3-w_4_11
3 4 1   0 1 0 2 0 4 3 4    1/3+w_4_10
3 4 1   0 1 0 5 2 3 0 5    -1/6-w_4_81
3 4 1   0 2 0 3 0 3 1 3    -w_4_31+3*w_4_29
3 4 1   0 4 1 2 0 4 0 4    -1/6+w_4_29
3 4 1   0 2 0 3 0 3 1 4    w_4_30-w_4_32
3 4 1   0 2 0 3 0 4 1 3    -w_4_36+w_4_30
3 4 1   0 2 0 3 0 6 1 3    w_4_30-w_4_43
3 4 1   0 4 0 5 1 2 0 5    -1/3+w_4_30
3 4 1   0 2 0 3 0 4 1 4    -w_4_37+2*w_4_34
3 4 1   0 2 0 5 1 3 0 5    -w_4_81+w_4_34
3 4 1   0 4 0 5 1 2 0 4    -1/6+w_4_34
3 4 1   0 2 0 3 0 4 1 5    -w_4_38+w_4_35
3 4 1   0 2 0 3 0 6 1 4    -w_4_44+w_4_35
3 4 1   0 2 0 5 0 6 1 3    -w_4_75+w_4_35
3 4 1   0 4 0 5 0 6 1 2    w_4_35
3 4 1   0 2 0 3 0 6 1 5    -w_4_45+2*w_4_42
3 4 1   0 2 0 5 0 4 1 3    -w_4_71+w_4_42
3 4 1   0 4 0 3 0 6 1 2    w_4_42
3 4 1   0 2 0 5 0 4 1 4    w_4_70-w_4_72
3 4 1   0 2 0 5 0 6 1 5    w_4_70-w_4_77
3 4 1   0 2 0 5 1 4 0 5    w_4_70-w_4_88
3 4 1   0 4 0 3 0 3 1 2    w_4_70
3 4 1   0 2 0 5 0 6 1 4    3*w_4_74-w_4_76
3 4 1   0 4 0 5 0 3 1 2    w_4_74
3 4 1   0 1 0 2 0 4 3 5    -w_4_12
3 4 1   0 1 0 2 0 6 3 5    -w_4_16
3 4 1   0 1 0 2 0 6 4 5    -w_4_16
3 4 1   0 1 0 3 0 4 2 3    -w_4_36
3 4 1   0 1 0 3 0 4 2 4    -w_4_37
3 4 1   0 1 0 3 0 4 2 5    -w_4_38
3 4 1   0 1 0 3 0 6 2 5    -w_4_45
3 4 1   0 1 0 5 0 4 2 3    -w_4_71
3 4 1   0 1 0 5 0 4 2 4    -w_4_72
3 4 1   0 1 0 5 0 6 2 3    -w_4_75
3 4 1   0 1 0 5 0 6 2 4    -w_4_76
3 4 1   0 1 0 5 0 6 2 5    -w_4_77
3 4 1   0 1 0 5 2 4 0 5    -w_4_88
# 1 1 3 
3 4 1   0 1 2 3 2 3 2 3    -1/6-w_4_120
3 4 1   0 1 2 3 2 4 2 4    -1/6-w_4_123
3 4 1   0 1 2 3 2 3 2 4    -1/3-w_4_121
3 4 1   0 2 1 2 2 3 3 4    1/3+w_4_20
3 4 1   0 2 1 2 2 4 3 4    1/9-w_4_20
3 4 1   0 2 1 2 2 3 3 5    1/3+w_4_21
3 4 1   0 2 1 2 2 4 4 5    1/3+w_4_21
3 4 1   0 2 1 2 2 3 4 5    w_4_22
3 4 1   0 2 1 2 2 4 3 5    1/9+w_4_22
3 4 1   0 2 1 2 2 6 3 5    w_4_24
3 4 1   0 2 1 2 2 6 4 5    w_4_24
3 4 1   0 2 1 3 2 3 2 3    w_4_49-3*w_4_120
3 4 1   0 4 1 2 2 4 2 4    -1/6+w_4_49
3 4 1   0 2 1 3 2 3 2 4    w_4_50-w_4_121
3 4 1   0 4 1 2 2 3 2 4    -1/9+w_4_50
3 4 1   0 2 1 3 2 3 2 5    w_4_51-w_4_121
3 4 1   0 4 1 2 2 4 2 5    w_4_51
3 4 1   0 2 1 3 2 4 2 4    -w_4_123+w_4_55
3 4 1   0 4 1 2 2 3 2 3    -1/6+w_4_55
3 4 1   0 2 1 3 2 4 2 5    w_4_56-w_4_124
3 4 1   0 4 1 2 2 3 2 5    w_4_56
3 4 1   0 2 1 3 2 6 2 5    -w_4_128+w_4_60
3 4 1   0 4 1 2 2 6 2 5    w_4_60
3 4 1   0 2 1 5 2 3 2 3    w_4_82-w_4_121
3 4 1   0 4 2 5 1 2 2 5    -1/3+w_4_82
3 4 1   0 2 1 5 2 3 2 4    w_4_83-w_4_124
3 4 1   0 4 2 5 1 2 2 3    -1/9+w_4_83
3 4 1   0 2 1 5 2 3 2 5    w_4_84-2*w_4_123
3 4 1   0 4 2 5 1 2 2 4    w_4_84
3 4 1   0 2 1 5 2 4 2 3    -2*w_4_128+w_4_89
3 4 1   0 4 2 3 1 2 2 5    w_4_89
3 4 1   0 2 1 5 2 4 2 4    w_4_90-w_4_138
3 4 1   0 4 2 3 1 2 2 3    w_4_90
3 4 1   0 2 1 5 2 4 2 5    -w_4_138+w_4_91
3 4 1   0 4 2 3 1 2 2 4    w_4_91
3 4 1   0 2 1 5 2 6 2 3    -w_4_124+w_4_95
3 4 1   0 4 2 5 2 6 1 2    w_4_95
3 4 1   0 2 1 5 2 6 2 4    w_4_96-3*w_4_140
3 4 1   0 4 2 5 2 3 1 2    w_4_96
3 4 1   0 2 1 5 2 6 2 5    w_4_97-w_4_138
3 4 1   0 4 2 5 2 4 1 2    w_4_97
3 4 1   0 1 2 3 2 4 2 5    -w_4_124
3 4 1   0 1 2 3 2 6 2 5    -w_4_128
3 4 1   0 1 2 5 2 4 2 4    -w_4_138
3 4 1   0 1 2 5 2 6 2 4    -w_4_140
# 2 2 1 
3 4 1   0 1 0 2 1 3 3 5    -1/3-w_4_21
3 4 1   0 1 0 3 1 4 2 3    1/6-w_4_50
3 4 1   0 1 0 3 1 4 2 4    1/6-2*w_4_55
3 4 1   0 1 0 3 1 4 2 5    1/6-w_4_56
3 4 1   0 1 0 5 1 3 2 3    1/6-w_4_82
3 4 1   0 1 0 5 1 3 2 4    1/6-w_4_83
3 4 1   0 1 0 5 1 3 2 5    1/6-w_4_84
3 4 1   0 1 0 2 1 3 3 4    -1/9-w_4_20
3 4 1   0 1 0 2 1 3 4 5    1/9-w_4_22
3 4 1   0 1 0 5 2 3 1 3    1/9-w_4_82
3 4 1   0 1 0 5 2 6 1 3    1/9-w_4_95
3 4 1   0 1 0 3 1 2 3 5    1/9
3 4 1   0 1 0 3 1 2 4 5    -1/18
3 4 1   0 1 0 3 1 6 2 3    -1/9-w_4_51
3 4 1   0 1 0 3 1 6 2 4    -1/9-w_4_56
3 4 1   0 1 0 1 2 3 3 5    -1/3-w_4_21
3 4 1   0 1 0 1 2 3 4 5    -1/3-w_4_22
3 4 1   0 1 0 2 1 4 4 5    -1/3-w_4_21
3 4 1   0 1 0 2 1 4 3 4    1/3+w_4_20
3 4 1   0 1 0 5 2 3 1 5    -1/3-w_4_84
3 4 1   0 2 0 3 1 3 1 3    -w_4_49+3*w_4_29
3 4 1   0 4 1 2 0 4 1 4    -1/6+3*w_4_29
3 4 1   0 2 0 3 1 3 1 4    w_4_30-w_4_50
3 4 1   0 2 0 3 1 3 1 5    w_4_30-w_4_51
3 4 1   0 2 0 5 1 3 1 3    w_4_30-w_4_82
3 4 1   0 4 1 2 0 4 1 3    1/3+w_4_30
3 4 1   0 4 0 5 1 2 1 5    -1/9+w_4_30
3 4 1   0 4 1 2 0 6 1 4    -1/3+w_4_30
3 4 1   0 2 0 3 1 4 1 4    w_4_34-w_4_55
3 4 1   0 2 0 5 1 3 1 5    -w_4_84+2*w_4_34
3 4 1   0 4 0 5 1 2 1 4    2*w_4_34
3 4 1   0 4 1 5 1 2 0 4    -1/6+w_4_34
3 4 1   0 2 0 3 1 4 1 5    -w_4_56+w_4_35
3 4 1   0 2 0 5 1 3 1 4    -w_4_83+w_4_35
3 4 1   0 2 0 5 1 6 1 3    -w_4_95+w_4_35
3 4 1   0 4 0 5 1 2 1 3    1/6+w_4_35
3 4 1   0 4 1 2 0 6 1 3    1/6+w_4_35
3 4 1   0 4 0 5 1 6 1 2    -1/9+w_4_35
3 4 1   0 2 0 3 1 6 1 5    -w_4_60+w_4_42
3 4 1   0 2 0 5 1 4 1 3    -w_4_89+2*w_4_42
3 4 1   0 4 1 2 0 6 1 5    2*w_4_42
3 4 1   0 4 0 3 1 2 1 5    w_4_42
3 4 1   0 2 0 5 1 4 1 4    w_4_70-w_4_90
3 4 1   0 2 0 5 1 4 1 5    w_4_70-w_4_91
3 4 1   0 2 0 5 1 6 1 5    w_4_70-w_4_97
3 4 1   0 4 0 3 1 2 1 3    w_4_70
3 4 1   0 4 0 5 1 4 1 2    w_4_70
3 4 1   0 4 1 3 0 4 1 2    w_4_70
3 4 1   0 2 0 5 1 6 1 4    -w_4_96+3*w_4_74
3 4 1   0 4 0 5 1 3 1 2    3*w_4_74
3 4 1   0 1 0 5 3 6 1 2    -1/6
3 4 1   0 1 0 1 2 3 3 4    -w_4_20
3 4 1   0 1 0 2 1 4 3 5    -w_4_22
3 4 1   0 1 0 1 2 6 3 5    -w_4_24
3 4 1   0 1 0 2 1 6 3 5    -w_4_24
3 4 1   0 1 0 2 1 6 4 5    -w_4_24
3 4 1   0 1 0 3 1 3 2 3    -2*w_4_49
3 4 1   0 1 0 3 1 3 2 4    -w_4_50
3 4 1   0 1 0 3 1 3 2 5    -w_4_51
3 4 1   0 1 0 3 1 6 2 5    -2*w_4_60
3 4 1   0 1 0 5 2 3 1 4    -w_4_83
3 4 1   0 1 0 5 1 4 2 3    -w_4_89
3 4 1   0 1 0 5 2 4 1 3    -w_4_89
3 4 1   0 1 0 5 1 4 2 4    -w_4_90
3 4 1   0 1 0 5 2 4 1 4    -w_4_90
3 4 1   0 1 0 5 1 4 2 5    -w_4_91
3 4 1   0 1 0 5 2 4 1 5    -w_4_91
3 4 1   0 1 0 5 1 6 2 3    -w_4_95
3 4 1   0 1 0 5 1 6 2 4    -w_4_96
3 4 1   0 1 0 5 2 6 1 4    -w_4_96
3 4 1   0 1 0 5 1 6 2 5    -w_4_97
3 4 1   0 1 0 5 2 6 1 5    -w_4_97
# 1 2 2 
3 4 1   0 1 1 3 2 3 2 5    -1/9-w_4_121
3 4 1   0 1 1 3 2 4 2 5    -1/9-w_4_124
3 4 1   0 1 1 3 2 3 2 3    -1/6-3*w_4_120
3 4 1   0 1 1 3 2 3 2 4    -1/3-w_4_121
3 4 1   0 1 1 3 2 4 2 4    -1/6-w_4_123
3 4 1   0 1 1 2 2 6 3 4    -1/6
3 4 1   0 1 1 5 2 3 2 4    1/6-w_4_124
3 4 1   0 1 1 2 2 4 3 5    -1/18
3 4 1   0 1 1 5 2 6 2 3    1/6-w_4_124
3 4 1   0 1 1 5 2 3 2 3    1/3-w_4_121
3 4 1   0 2 1 2 1 3 3 4    1/3+w_4_10
3 4 1   0 2 1 2 1 4 3 4    -1/9-w_4_10
3 4 1   0 4 1 2 1 2 4 5    w_4_10
3 4 1   0 2 1 2 1 3 3 5    1/3+w_4_11
3 4 1   0 2 1 2 1 4 4 5    1/3+w_4_11
3 4 1   0 4 1 2 1 2 3 4    -1/3-w_4_11
3 4 1   0 2 1 2 1 3 4 5    w_4_12
3 4 1   0 2 1 2 1 4 3 5    -1/9+w_4_12
3 4 1   0 4 1 2 1 2 3 5    -1/3-w_4_12
3 4 1   0 2 1 2 1 6 3 5    w_4_16
3 4 1   0 2 1 2 1 6 4 5    w_4_16
3 4 1   0 4 3 5 1 2 1 2    -w_4_16
3 4 1   0 2 1 3 1 3 2 3    -3*w_4_120+w_4_31
3 4 1   0 4 1 2 1 4 2 4    2*w_4_31
3 4 1   0 2 1 3 1 3 2 4    -w_4_121+w_4_32
3 4 1   0 4 1 2 1 4 2 3    1/9+w_4_32
3 4 1   0 4 1 2 1 4 2 5    1/6+w_4_32
3 4 1   0 2 1 3 1 4 2 3    w_4_36-w_4_121
3 4 1   0 4 1 2 1 3 2 4    -1/9+w_4_36
3 4 1   0 4 1 5 1 2 2 5    w_4_36
3 4 1   0 2 1 3 1 4 2 4    w_4_37-2*w_4_123
3 4 1   0 4 1 2 1 3 2 3    -1/3+w_4_37
3 4 1   0 4 1 5 1 2 2 4    1/6+w_4_37
3 4 1   0 2 1 3 1 4 2 5    w_4_38-w_4_124
3 4 1   0 4 1 2 1 3 2 5    w_4_38
3 4 1   0 4 1 5 1 2 2 3    1/9+w_4_38
3 4 1   0 2 1 3 1 6 2 3    w_4_43-w_4_121
3 4 1   0 4 1 2 1 6 2 4    1/6+w_4_43
3 4 1   0 4 2 5 1 2 1 5    w_4_43
3 4 1   0 2 1 3 1 6 2 4    w_4_44-w_4_124
3 4 1   0 4 1 2 1 6 2 3    w_4_44
3 4 1   0 4 2 5 1 6 1 2    1/6+w_4_44
3 4 1   0 2 1 3 1 6 2 5    -2*w_4_128+w_4_45
3 4 1   0 4 1 2 1 6 2 5    w_4_45
3 4 1   0 4 2 3 1 2 1 5    w_4_45
3 4 1   0 2 1 5 1 4 2 3    w_4_71-w_4_128
3 4 1   0 4 1 3 1 2 2 5    2*w_4_71
3 4 1   0 2 1 5 1 4 2 4    -w_4_138+w_4_72
3 4 1   0 4 1 3 1 2 2 3    w_4_72
3 4 1   0 4 1 3 1 2 2 4    w_4_72
3 4 1   0 2 1 5 1 6 2 3    w_4_75-w_4_124
3 4 1   0 4 1 5 2 6 1 2    1/6+w_4_75
3 4 1   0 4 2 5 1 2 1 3    -1/9+w_4_75
3 4 1   0 2 1 5 1 6 2 4    -3*w_4_140+w_4_76
3 4 1   0 4 1 5 2 3 1 2    w_4_76
3 4 1   0 4 2 5 1 3 1 2    w_4_76
3 4 1   0 2 1 5 1 6 2 5    w_4_77-w_4_138
3 4 1   0 4 1 5 2 4 1 2    w_4_77
3 4 1   0 4 2 3 1 2 1 3    w_4_77
3 4 1   0 2 1 5 2 3 1 5    -w_4_123+w_4_81
3 4 1   0 4 2 5 1 2 1 4    1/6+2*w_4_81
3 4 1   0 2 1 5 2 4 1 5    -w_4_138+w_4_88
3 4 1   0 4 2 3 1 2 1 4    w_4_88
3 4 1   0 4 2 5 1 4 1 2    w_4_88
3 4 1   0 1 1 2 2 4 3 4    1/9
3 4 1   0 1 1 5 2 3 2 5    -2*w_4_123
3 4 1   0 1 1 3 2 6 2 5    -w_4_128
3 4 1   0 1 1 5 2 4 2 3    -2*w_4_128
3 4 1   0 1 1 5 2 4 2 4    -w_4_138
3 4 1   0 1 1 5 2 4 2 5    -w_4_138
3 4 1   0 1 1 5 2 6 2 5    -w_4_138
3 4 1   0 1 1 5 2 6 2 4    -3*w_4_140
# 2 1 2 
3 4 1   0 1 0 3 2 3 2 5    1/9-w_4_51
3 4 1   0 1 0 3 2 4 2 5    1/9-w_4_56
3 4 1   0 1 0 3 2 3 2 3    1/6-w_4_49
3 4 1   0 1 0 3 2 3 2 4    1/3-w_4_50
3 4 1   0 1 0 3 2 4 2 4    1/6-w_4_55
3 4 1   0 1 0 2 2 4 4 5    -1/3-w_4_21
3 4 1   0 1 0 2 2 6 3 4    -1/6
3 4 1   0 1 0 5 2 3 2 4    1/6-w_4_83
3 4 1   0 1 0 2 2 4 3 5    -1/6-w_4_22
3 4 1   0 1 0 5 2 6 2 3    1/6-w_4_95
3 4 1   0 1 0 2 2 3 3 4    -1/3-w_4_20
3 4 1   0 1 0 2 2 3 3 5    -1/3-w_4_21
3 4 1   0 1 0 5 2 3 2 3    1/3-w_4_82
3 4 1   0 2 0 2 1 3 3 4    w_4_10-w_4_20
3 4 1   0 2 0 3 1 2 3 5    w_4_10
3 4 1   0 2 0 5 1 2 3 5    -1/3-w_4_10
3 4 1   0 2 0 2 1 3 3 5    w_4_11-w_4_21
3 4 1   0 2 0 3 1 2 3 4    1/3+w_4_11
3 4 1   0 2 0 5 1 2 4 5    -1/3-w_4_11
3 4 1   0 2 0 2 1 3 4 5    w_4_12-w_4_22
3 4 1   0 2 0 3 1 2 4 5    -1/6-w_4_12
3 4 1   0 2 0 5 1 2 3 4    w_4_12
3 4 1   0 2 0 2 1 6 3 5    -w_4_24+w_4_16
3 4 1   0 2 0 5 3 4 1 2    w_4_16
3 4 1   0 2 0 5 4 6 1 2    -w_4_16
3 4 1   0 2 0 3 1 3 2 3    -2*w_4_49+2*w_4_31
3 4 1   0 4 1 2 0 4 2 4    1/6+w_4_31
3 4 1   0 2 0 3 1 3 2 4    -w_4_50+w_4_32
3 4 1   0 2 0 3 1 3 2 5    -w_4_51+w_4_32
3 4 1   0 4 1 2 0 4 2 3    1/3+w_4_32
3 4 1   0 2 0 3 1 4 2 3    w_4_36-w_4_50
3 4 1   0 2 0 5 1 3 2 3    w_4_36-w_4_82
3 4 1   0 4 0 5 1 2 2 5    1/9+w_4_36
3 4 1   0 2 0 3 1 4 2 4    w_4_37-2*w_4_55
3 4 1   0 2 0 5 1 3 2 5    -w_4_84+w_4_37
3 4 1   0 4 0 5 1 2 2 4    w_4_37
3 4 1   0 2 0 3 1 4 2 5    -w_4_56+w_4_38
3 4 1   0 2 0 5 1 3 2 4    -w_4_83+w_4_38
3 4 1   0 4 0 5 1 2 2 3    1/6+w_4_38
3 4 1   0 2 0 3 1 6 2 3    w_4_43-w_4_51
3 4 1   0 2 0 5 2 3 1 3    w_4_43-w_4_82
3 4 1   0 4 1 2 0 6 2 4    1/3+w_4_43
3 4 1   0 2 0 3 1 6 2 4    -w_4_56+w_4_44
3 4 1   0 2 0 5 2 6 1 3    w_4_44-w_4_95
3 4 1   0 4 1 2 0 6 2 3    1/6+w_4_44
3 4 1   0 2 0 3 1 6 2 5    -2*w_4_60+w_4_45
3 4 1   0 2 0 5 2 4 1 3    w_4_45-w_4_89
3 4 1   0 4 1 2 0 6 2 5    w_4_45
3 4 1   0 2 0 5 1 4 2 3    2*w_4_71-w_4_89
3 4 1   0 4 0 3 1 2 2 5    w_4_71
3 4 1   0 2 0 5 1 4 2 4    -w_4_90+w_4_72
3 4 1   0 2 0 5 1 4 2 5    -w_4_91+w_4_72
3 4 1   0 4 0 3 1 2 2 3    w_4_72
3 4 1   0 2 0 5 1 6 2 3    w_4_75-w_4_95
3 4 1   0 2 0 5 2 3 1 4    -w_4_83+w_4_75
3 4 1   0 4 0 5 2 6 1 2    1/9+w_4_75
3 4 1   0 2 0 5 1 6 2 4    -w_4_96+w_4_76
3 4 1   0 2 0 5 2 6 1 4    -w_4_96+w_4_76
3 4 1   0 4 0 5 2 3 1 2    w_4_76
3 4 1   0 2 0 5 1 6 2 5    w_4_77-w_4_97
3 4 1   0 2 0 5 2 4 1 4    w_4_77-w_4_90
3 4 1   0 4 0 5 2 4 1 2    w_4_77
3 4 1   0 2 0 5 2 3 1 5    -w_4_84+2*w_4_81
3 4 1   0 4 2 5 1 2 0 4    1/6+w_4_81
3 4 1   0 2 0 5 2 4 1 5    -w_4_91+w_4_88
3 4 1   0 2 0 5 2 6 1 5    -w_4_97+w_4_88
3 4 1   0 4 2 3 0 4 1 2    w_4_88
3 4 1   0 2 0 5 3 6 1 2    -1/6
3 4 1   0 1 0 2 2 4 3 4    w_4_20
3 4 1   0 1 0 2 2 3 4 5    -w_4_22
3 4 1   0 1 0 2 2 6 3 5    -w_4_24
3 4 1   0 1 0 2 2 6 4 5    -w_4_24
3 4 1   0 1 0 3 2 6 2 5    -w_4_60
3 4 1   0 1 0 5 2 3 2 5    -w_4_84
3 4 1   0 1 0 5 2 4 2 3    -w_4_89
3 4 1   0 1 0 5 2 4 2 4    -w_4_90
3 4 1   0 1 0 5 2 4 2 5    -w_4_91
3 4 1   0 1 0 5 2 6 2 4    -w_4_96
3 4 1   0 1 0 5 2 6 2 5    -w_4_97
# 1 2 1 
3 4 1   0 1 1 3 2 3 3 4    1/3-w_4_122
3 4 1   0 1 1 3 2 4 3 4    1/3-w_4_125
3 4 1   0 1 1 3 2 6 3 4    1/3-w_4_129
3 4 1   0 1 1 3 2 3 3 5    1/9-w_4_122
3 4 1   0 1 1 3 2 3 4 5    1/9
3 4 1   0 1 1 3 2 4 3 5    1/9-w_4_126
3 4 1   0 1 1 3 2 4 4 5    1/9-w_4_127
3 4 1   0 1 1 2 3 4 4 5    -1/3
3 4 1   0 1 1 5 2 3 4 5    -1/3+w_4_127
3 4 1   0 1 1 5 2 3 3 5    -1/3-w_4_125
3 4 1   0 2 1 3 1 3 3 4    -w_4_122+w_4_33
3 4 1   0 4 1 2 1 4 3 4    -1/9-w_4_33
3 4 1   0 4 1 2 1 4 4 5    1/3+w_4_33
3 4 1   0 2 1 3 1 4 3 4    w_4_39-w_4_125
3 4 1   0 4 1 2 1 3 3 4    1/3-w_4_39
3 4 1   0 4 1 5 1 2 4 5    -1/3-w_4_39
3 4 1   0 2 1 3 1 4 3 5    w_4_40-w_4_126
3 4 1   0 4 1 2 1 3 4 5    w_4_40
3 4 1   0 4 1 5 1 2 3 5    -1/9-w_4_40
3 4 1   0 2 1 3 1 4 4 5    w_4_41-w_4_127
3 4 1   0 4 1 2 1 3 3 5    1/3+w_4_41
3 4 1   0 4 1 5 1 2 3 4    -1/9-w_4_41
3 4 1   0 2 1 3 1 6 3 4    w_4_46-w_4_129
3 4 1   0 4 1 2 1 6 3 4    -w_4_46
3 4 1   0 4 5 6 1 2 1 5    1/3+w_4_46
3 4 1   0 2 1 3 1 6 3 5    -w_4_130+w_4_47
3 4 1   0 4 1 2 1 6 4 5    w_4_47
3 4 1   0 4 3 5 1 2 1 5    -w_4_47
3 4 1   0 2 1 3 1 6 4 5    -w_4_131+w_4_48
3 4 1   0 4 1 2 1 6 3 5    w_4_48
3 4 1   0 4 3 5 1 6 1 2    -w_4_48
3 4 1   0 2 1 5 1 4 3 4    -w_4_139+w_4_73
3 4 1   0 4 1 3 1 2 3 5    -w_4_73
3 4 1   0 4 1 3 1 2 4 5    -w_4_73
3 4 1   0 2 1 5 1 6 3 4    -w_4_141+w_4_78
3 4 1   0 4 1 5 3 6 1 2    -w_4_78
3 4 1   0 4 5 6 1 2 1 3    w_4_78
3 4 1   0 2 1 5 1 6 3 5    -w_4_142+w_4_79
3 4 1   0 4 1 5 4 6 1 2    -w_4_79
3 4 1   0 4 3 5 1 2 1 3    -w_4_79
3 4 1   0 2 1 5 1 6 4 5    -w_4_143+w_4_80
3 4 1   0 4 1 5 3 4 1 2    w_4_80
3 4 1   0 4 3 5 1 3 1 2    -w_4_80
3 4 1   0 2 1 5 3 4 1 5    -w_4_144+w_4_101
3 4 1   0 4 3 5 1 2 1 4    -w_4_101
3 4 1   0 4 5 6 1 2 1 4    w_4_101
3 4 1   0 4 1 3 1 3 2 3    -2*w_4_220+w_4_158
3 4 1   0 4 1 3 1 4 2 4    -2*w_4_226+w_4_158
3 4 1   0 4 1 5 1 4 2 4    -w_4_256+w_4_158
3 4 1   0 4 1 3 1 3 2 4    w_4_159-w_4_221
3 4 1   0 4 1 3 1 4 2 3    w_4_159-w_4_221
3 4 1   0 4 1 5 1 4 2 5    w_4_159-w_4_257
3 4 1   0 4 1 3 1 3 2 5    w_4_160-w_4_222
3 4 1   0 4 1 3 1 4 2 5    w_4_160-w_4_227
3 4 1   0 4 1 5 1 4 2 3    -w_4_255+w_4_160
3 4 1   0 4 1 3 1 6 2 3    w_4_161-w_4_222
3 4 1   0 4 1 3 1 6 2 4    -w_4_227+w_4_161
3 4 1   0 4 2 5 1 6 1 5    -w_4_263+w_4_161
3 4 1   0 4 1 3 1 6 2 5    -2*w_4_231+2*w_4_162
3 4 1   0 4 2 3 1 6 1 5    -w_4_231+w_4_162
3 4 1   0 4 1 5 1 3 2 3    -w_4_247+w_4_171
3 4 1   0 4 1 5 1 3 2 5    -w_4_249+w_4_171
3 4 1   0 4 1 5 1 3 2 4    w_4_171-w_4_248
3 4 1   0 4 1 5 1 6 2 3    w_4_172-w_4_261
3 4 1   0 4 1 5 2 6 1 3    w_4_172-w_4_261
3 4 1   0 4 2 5 1 6 1 3    w_4_172-w_4_261
3 4 1   0 4 1 5 1 6 2 4    w_4_173-w_4_262
3 4 1   0 4 1 5 2 3 1 3    w_4_173-w_4_247
3 4 1   0 4 2 5 1 3 1 5    -w_4_249+w_4_173
3 4 1   0 4 1 5 1 6 2 5    -w_4_263+w_4_174
3 4 1   0 4 1 5 2 4 1 3    -w_4_255+w_4_174
3 4 1   0 4 2 3 1 3 1 5    w_4_174-w_4_222
3 4 1   0 4 1 5 2 3 1 4    w_4_175-w_4_248
3 4 1   0 4 2 5 1 3 1 3    -w_4_247+w_4_175
3 4 1   0 4 1 5 2 6 1 4    -w_4_262+w_4_175
3 4 1   0 4 1 5 2 3 1 5    w_4_176-w_4_249
3 4 1   0 4 2 5 1 3 1 4    w_4_176-w_4_248
3 4 1   0 4 2 5 1 6 1 4    w_4_176-w_4_262
3 4 1   0 4 1 5 2 4 1 4    -w_4_256+2*w_4_183
3 4 1   0 4 2 3 1 3 1 3    -w_4_220+w_4_183
3 4 1   0 4 1 5 2 4 1 5    -w_4_257+w_4_184
3 4 1   0 4 2 3 1 3 1 4    -w_4_221+w_4_184
3 4 1   0 4 2 5 1 4 1 5    -w_4_257+w_4_184
3 4 1   0 4 1 5 2 6 1 5    -w_4_263+w_4_191
3 4 1   0 4 2 5 1 4 1 3    -w_4_255+w_4_191
3 4 1   0 4 2 3 1 4 1 5    -w_4_227+w_4_191
3 4 1   0 4 2 3 1 4 1 4    -w_4_226+w_4_207
3 4 1   0 4 2 5 1 4 1 4    -w_4_256+2*w_4_207
3 4 1   0 4 1 2 1 4 3 5    -1/9
3 4 1   0 1 1 2 3 4 3 5    -1/3
3 4 1   0 1 1 5 2 3 3 4    -w_4_126
3 4 1   0 1 1 5 3 6 2 3    -w_4_129
3 4 1   0 1 1 3 2 6 3 5    -w_4_130
3 4 1   0 1 1 5 3 4 2 3    -w_4_130
3 4 1   0 1 1 3 2 6 4 5    -w_4_131
3 4 1   0 1 1 5 4 6 2 3    w_4_131
3 4 1   0 1 1 5 2 4 3 4    -w_4_139
3 4 1   0 1 1 5 2 4 3 5    -w_4_139
3 4 1   0 1 1 5 2 6 3 4    -w_4_141
3 4 1   0 1 1 5 3 6 2 4    -w_4_141
3 4 1   0 1 1 5 2 6 3 5    -w_4_142
3 4 1   0 1 1 5 3 4 2 4    -w_4_142
3 4 1   0 1 1 5 2 6 4 5    -w_4_143
3 4 1   0 1 1 5 4 6 2 4    w_4_143
3 4 1   0 1 1 5 3 4 2 5    -w_4_144
3 4 1   0 1 1 5 3 6 2 5    -w_4_144
# 2 1 1 
3 4 1   0 1 0 3 2 3 3 4    1/3-w_4_52
3 4 1   0 1 0 3 2 4 3 4    1/3-w_4_57
3 4 1   0 1 0 3 2 6 3 4    1/3-w_4_61
3 4 1   0 1 0 2 3 6 3 5    1/12-w_4_27
3 4 1   0 2 0 5 1 4 4 5    -1/6-w_4_94
3 4 1   0 1 0 3 2 3 3 5    -1/9-w_4_53
3 4 1   0 1 0 3 2 3 4 5    -1/9-w_4_54
3 4 1   0 1 0 3 2 4 3 5    -1/9-w_4_58
3 4 1   0 1 0 3 2 4 4 5    -1/9-w_4_59
3 4 1   0 1 0 2 3 4 4 5    -1/3+w_4_26
3 4 1   0 1 0 5 2 3 4 5    -1/3-w_4_87
3 4 1   0 1 0 2 3 4 3 4    1/6-2*w_4_25
3 4 1   0 1 0 5 2 3 3 5    -1/3-w_4_86
3 4 1   0 1 0 2 4 6 4 5    1/12-w_4_27
3 4 1   0 1 0 5 2 4 4 5    -1/6-w_4_94
3 4 1   0 2 0 3 1 3 3 4    -w_4_52+w_4_33
3 4 1   0 2 0 3 1 3 3 5    w_4_33-w_4_53
3 4 1   0 4 1 2 0 4 3 4    -1/3-w_4_33
3 4 1   0 2 0 3 1 4 3 4    w_4_39-w_4_57
3 4 1   0 2 0 5 1 3 3 5    -w_4_86+w_4_39
3 4 1   0 4 0 5 1 2 4 5    -w_4_39
3 4 1   0 2 0 3 1 4 3 5    w_4_40-w_4_58
3 4 1   0 2 0 5 1 3 3 4    w_4_40-w_4_85
3 4 1   0 4 0 5 1 2 3 5    -1/6-w_4_40
3 4 1   0 2 0 3 1 4 4 5    -w_4_59+w_4_41
3 4 1   0 2 0 5 1 3 4 5    -w_4_87-w_4_41
3 4 1   0 4 0 5 1 2 3 4    -1/3-w_4_41
3 4 1   0 2 0 3 1 6 3 4    w_4_46-w_4_61
3 4 1   0 2 0 5 3 6 1 3    w_4_46-w_4_108
3 4 1   0 4 1 2 0 6 3 4    -1/6-w_4_46
3 4 1   0 2 0 3 1 6 3 5    -w_4_62+w_4_47
3 4 1   0 2 0 5 3 4 1 3    w_4_47-w_4_102
3 4 1   0 4 1 2 0 6 4 5    w_4_47
3 4 1   0 2 0 3 1 6 4 5    -w_4_63+w_4_48
3 4 1   0 2 0 5 4 6 1 3    -w_4_114-w_4_48
3 4 1   0 4 1 2 0 6 3 5    w_4_48
3 4 1   0 2 0 5 1 4 3 4    -w_4_92+w_4_73
3 4 1   0 2 0 5 1 4 3 5    -w_4_93+w_4_73
3 4 1   0 4 0 3 1 2 3 5    -w_4_73
3 4 1   0 2 0 5 1 6 3 4    w_4_78-w_4_98
3 4 1   0 2 0 5 3 6 1 4    -w_4_109+w_4_78
3 4 1   0 4 0 5 3 6 1 2    -w_4_78
3 4 1   0 2 0 5 1 6 3 5    -w_4_99+w_4_79
3 4 1   0 2 0 5 3 4 1 4    -w_4_103+w_4_79
3 4 1   0 4 0 5 4 6 1 2    -w_4_79
3 4 1   0 2 0 5 1 6 4 5    w_4_80-w_4_100
3 4 1   0 2 0 5 4 6 1 4    -w_4_80-w_4_115
3 4 1   0 4 0 5 3 4 1 2    w_4_80
3 4 1   0 2 0 5 3 4 1 5    -w_4_104+w_4_101
3 4 1   0 2 0 5 3 6 1 5    -w_4_110+w_4_101
3 4 1   0 4 3 5 1 2 0 4    -w_4_101
3 4 1   0 4 0 3 1 3 2 3    -2*w_4_163+w_4_158
3 4 1   0 4 0 5 1 4 2 4    -w_4_186+w_4_158
3 4 1   0 4 1 3 0 4 2 4    w_4_158-w_4_209
3 4 1   0 4 0 3 1 3 2 4    w_4_159-2*w_4_164
3 4 1   0 4 0 5 1 4 2 5    w_4_159-w_4_187
3 4 1   0 4 1 3 0 4 2 3    w_4_159-w_4_208
3 4 1   0 4 0 3 1 3 2 5    w_4_160-w_4_165
3 4 1   0 4 0 5 1 4 2 3    -w_4_185+w_4_160
3 4 1   0 4 1 3 0 4 2 5    -w_4_210+w_4_160
3 4 1   0 4 0 3 1 6 2 3    w_4_161-w_4_165
3 4 1   0 4 1 3 0 6 2 3    -w_4_214+w_4_161
3 4 1   0 4 1 3 0 6 2 4    w_4_161-w_4_215
3 4 1   0 4 0 3 1 6 2 5    -2*w_4_169+w_4_162
3 4 1   0 4 1 3 0 6 2 5    -2*w_4_216+2*w_4_162
3 4 1   0 4 0 5 1 3 2 3    -w_4_177+w_4_171
3 4 1   0 4 0 5 1 3 2 4    w_4_171-w_4_178
3 4 1   0 4 0 5 1 3 2 5    -w_4_179+w_4_171
3 4 1   0 4 0 5 1 6 2 3    w_4_172-w_4_192
3 4 1   0 4 1 5 0 6 2 3    w_4_172-2*w_4_241
3 4 1   0 4 0 5 2 6 1 3    w_4_172-w_4_192
3 4 1   0 4 0 5 1 6 2 4    w_4_173-w_4_193
3 4 1   0 4 1 5 0 6 2 4    -w_4_242+w_4_173
3 4 1   0 4 0 5 2 3 1 3    w_4_173-w_4_177
3 4 1   0 4 0 5 1 6 2 5    -w_4_194+w_4_174
3 4 1   0 4 1 5 0 6 2 5    -w_4_214+w_4_174
3 4 1   0 4 0 5 2 4 1 3    -w_4_185+w_4_174
3 4 1   0 4 0 5 2 3 1 4    -w_4_178+w_4_175
3 4 1   0 4 1 5 2 3 0 4    -w_4_246+w_4_175
3 4 1   0 4 0 5 2 6 1 4    w_4_175-w_4_193
3 4 1   0 4 0 5 2 3 1 5    -w_4_179+w_4_176
3 4 1   0 4 1 5 2 3 0 5    -w_4_242+w_4_176
3 4 1   0 4 2 5 1 3 0 4    w_4_176-w_4_246
3 4 1   0 4 0 5 2 4 1 4    -w_4_186+2*w_4_183
3 4 1   0 4 1 5 2 4 0 4    w_4_183-w_4_253
3 4 1   0 4 0 5 2 4 1 5    -w_4_187+w_4_184
3 4 1   0 4 1 5 2 4 0 5    w_4_184-2*w_4_254
3 4 1   0 4 2 3 0 4 1 3    -w_4_208+w_4_184
3 4 1   0 4 0 5 2 6 1 5    -w_4_194+w_4_191
3 4 1   0 4 1 5 2 6 0 5    -w_4_215+w_4_191
3 4 1   0 4 2 3 0 4 1 5    -w_4_210+w_4_191
3 4 1   0 4 2 3 0 4 1 4    2*w_4_207-w_4_209
3 4 1   0 4 2 5 1 4 0 4    w_4_207-w_4_253
3 4 1   0 1 0 2 3 4 3 5    -w_4_26
3 4 1   0 1 0 2 3 6 4 5    -2*w_4_28
3 4 1   0 2 0 3 1 3 4 5    -w_4_54
3 4 1   0 1 0 3 2 6 3 5    -w_4_62
3 4 1   0 1 0 3 2 6 4 5    -w_4_63
3 4 1   0 1 0 5 2 3 3 4    -w_4_85
3 4 1   0 1 0 5 2 4 3 4    -w_4_92
3 4 1   0 1 0 5 2 4 3 5    -w_4_93
3 4 1   0 1 0 5 2 6 3 4    -w_4_98
3 4 1   0 1 0 5 2 6 3 5    -w_4_99
3 4 1   0 1 0 5 2 6 4 5    -w_4_100
3 4 1   0 1 0 5 3 4 2 3    -w_4_102
3 4 1   0 1 0 5 3 4 2 4    -w_4_103
3 4 1   0 1 0 5 3 4 2 5    -w_4_104
3 4 1   0 1 0 5 3 6 2 3    -w_4_108
3 4 1   0 1 0 5 3 6 2 4    -w_4_109
3 4 1   0 1 0 5 3 6 2 5    -w_4_110
3 4 1   0 1 0 5 4 6 2 3    -w_4_114
3 4 1   0 1 0 5 4 6 2 4    -w_4_115
3 4 1   0 1 0 5 4 6 2 5    -w_4_116
3 4 1   0 2 0 5 4 6 1 5    -w_4_116
# 1 1 2 
3 4 1   0 1 2 3 2 4 4 5    1/3-w_4_127
3 4 1   0 1 2 3 2 6 3 4    1/6-w_4_129
3 4 1   0 1 2 3 2 4 3 5    1/6-w_4_126
3 4 1   0 1 2 3 2 3 3 4    1/3-w_4_122
3 4 1   0 2 1 2 3 4 3 4    -1/6+2*w_4_25
3 4 1   0 2 1 2 3 4 3 5    -1/3+w_4_26
3 4 1   0 2 1 2 3 4 4 5    -w_4_26
3 4 1   0 2 1 2 3 6 3 5    -1/12+w_4_27
3 4 1   0 2 1 2 4 6 4 5    -1/12+w_4_27
3 4 1   0 2 1 2 3 6 4 5    2*w_4_28
3 4 1   0 2 1 3 2 3 3 4    w_4_52-w_4_122
3 4 1   0 4 1 2 2 4 3 4    1/9-w_4_52
3 4 1   0 2 1 3 2 3 3 5    -w_4_122+w_4_53
3 4 1   0 4 1 2 2 4 4 5    1/3+w_4_53
3 4 1   0 2 1 3 2 3 4 5    w_4_54
3 4 1   0 4 1 2 2 4 3 5    1/9+w_4_54
3 4 1   0 2 1 3 2 4 3 4    -w_4_125+w_4_57
3 4 1   0 4 1 2 2 3 3 4    1/3-w_4_57
3 4 1   0 2 1 3 2 4 3 5    -w_4_126+w_4_58
3 4 1   0 4 1 2 2 3 4 5    w_4_58
3 4 1   0 2 1 3 2 4 4 5    w_4_59-w_4_127
3 4 1   0 4 1 2 2 3 3 5    1/3+w_4_59
3 4 1   0 2 1 3 2 6 3 4    -w_4_129+w_4_61
3 4 1   0 4 1 2 2 6 3 4    -w_4_61
3 4 1   0 2 1 3 2 6 3 5    -w_4_130+w_4_62
3 4 1   0 4 1 2 2 6 4 5    w_4_62
3 4 1   0 2 1 3 2 6 4 5    -w_4_131+w_4_63
3 4 1   0 4 1 2 2 6 3 5    w_4_63
3 4 1   0 2 1 5 2 3 3 4    -w_4_126+w_4_85
3 4 1   0 4 2 5 1 2 3 5    1/9-w_4_85
3 4 1   0 2 1 5 2 3 3 5    w_4_86-w_4_125
3 4 1   0 4 2 5 1 2 4 5    -1/3-w_4_86
3 4 1   0 2 1 5 2 3 4 5    w_4_87+w_4_127
3 4 1   0 4 2 5 1 2 3 4    1/9+w_4_87
3 4 1   0 2 1 5 2 4 3 4    -w_4_139+w_4_92
3 4 1   0 4 2 3 1 2 3 5    -w_4_92
3 4 1   0 2 1 5 2 4 3 5    w_4_93-w_4_139
3 4 1   0 4 2 3 1 2 4 5    -w_4_93
3 4 1   0 2 1 5 2 4 4 5    1/6+w_4_94
3 4 1   0 4 2 3 1 2 3 4    1/6+w_4_94
3 4 1   0 2 1 5 2 6 3 4    -w_4_141+w_4_98
3 4 1   0 4 2 5 3 6 1 2    -w_4_98
3 4 1   0 2 1 5 2 6 3 5    w_4_99-w_4_142
3 4 1   0 4 2 5 4 6 1 2    -w_4_99
3 4 1   0 2 1 5 2 6 4 5    -w_4_143+w_4_100
3 4 1   0 4 2 5 3 4 1 2    w_4_100
3 4 1   0 2 1 5 3 4 2 3    -w_4_130+w_4_102
3 4 1   0 4 3 5 1 2 2 5    -w_4_102
3 4 1   0 2 1 5 3 4 2 4    w_4_103-w_4_142
3 4 1   0 4 3 5 1 2 2 3    -w_4_103
3 4 1   0 2 1 5 3 4 2 5    -w_4_144+w_4_104
3 4 1   0 4 3 5 1 2 2 4    -w_4_104
3 4 1   0 2 1 5 3 6 2 3    -w_4_129+w_4_108
3 4 1   0 4 5 6 1 2 2 5    1/3+w_4_108
3 4 1   0 2 1 5 3 6 2 4    w_4_109-w_4_141
3 4 1   0 4 5 6 1 2 2 3    w_4_109
3 4 1   0 2 1 5 3 6 2 5    -w_4_144+w_4_110
3 4 1   0 4 5 6 1 2 2 4    w_4_110
3 4 1   0 2 1 5 4 6 2 3    w_4_131+w_4_114
3 4 1   0 4 3 5 2 6 1 2    w_4_114
3 4 1   0 2 1 5 4 6 2 4    w_4_143+w_4_115
3 4 1   0 4 3 5 2 3 1 2    w_4_115
3 4 1   0 2 1 5 4 6 2 5    w_4_116
3 4 1   0 4 3 5 2 4 1 2    w_4_116
3 4 1   0 4 1 3 2 3 2 3    w_4_163-w_4_220
3 4 1   0 4 1 3 2 4 2 4    -w_4_226+w_4_163
3 4 1   0 4 1 3 2 3 2 4    2*w_4_164-w_4_221
3 4 1   0 4 1 3 2 3 2 5    w_4_165-w_4_222
3 4 1   0 4 1 3 2 4 2 5    -w_4_227+w_4_165
3 4 1   0 4 1 3 2 6 2 5    2*w_4_169-w_4_231
3 4 1   0 4 1 5 2 3 2 3    w_4_177-w_4_247
3 4 1   0 4 2 5 1 3 2 5    -w_4_249+w_4_177
3 4 1   0 4 1 5 2 3 2 4    w_4_178-w_4_248
3 4 1   0 4 2 5 1 3 2 3    -w_4_247+w_4_178
3 4 1   0 4 1 5 2 3 2 5    w_4_179-w_4_249
3 4 1   0 4 2 5 1 3 2 4    w_4_179-w_4_248
3 4 1   0 4 1 5 2 4 2 3    w_4_185-w_4_255
3 4 1   0 4 2 3 1 3 2 5    w_4_185-w_4_222
3 4 1   0 4 1 5 2 4 2 4    -w_4_256+w_4_186
3 4 1   0 4 2 3 1 3 2 3    -2*w_4_220+w_4_186
3 4 1   0 4 1 5 2 4 2 5    -w_4_257+w_4_187
3 4 1   0 4 2 3 1 3 2 4    -w_4_221+w_4_187
3 4 1   0 4 1 5 2 6 2 3    -w_4_261+w_4_192
3 4 1   0 4 2 5 2 6 1 3    -w_4_261+w_4_192
3 4 1   0 4 1 5 2 6 2 4    -w_4_262+w_4_193
3 4 1   0 4 2 5 2 3 1 3    -w_4_247+w_4_193
3 4 1   0 4 1 5 2 6 2 5    -w_4_263+w_4_194
3 4 1   0 4 2 5 2 4 1 3    -w_4_255+w_4_194
3 4 1   0 4 2 3 1 4 2 3    w_4_208-w_4_221
3 4 1   0 4 2 5 1 4 2 5    -w_4_257+w_4_208
3 4 1   0 4 2 3 1 4 2 4    -2*w_4_226+w_4_209
3 4 1   0 4 2 5 1 4 2 4    -w_4_256+w_4_209
3 4 1   0 4 2 3 1 4 2 5    w_4_210-w_4_227
3 4 1   0 4 2 5 1 4 2 3    -w_4_255+w_4_210
3 4 1   0 4 2 3 1 6 2 3    w_4_214-w_4_222
3 4 1   0 4 2 5 1 6 2 5    -w_4_263+w_4_214
3 4 1   0 4 2 3 1 6 2 4    -w_4_227+w_4_215
3 4 1   0 4 2 5 2 6 1 5    -w_4_263+w_4_215
3 4 1   0 4 2 3 1 6 2 5    2*w_4_216-2*w_4_231
3 4 1   0 4 2 5 1 6 2 3    -w_4_261+2*w_4_241
3 4 1   0 4 2 5 1 6 2 4    w_4_242-w_4_262
3 4 1   0 4 2 5 2 3 1 5    w_4_242-w_4_249
3 4 1   0 4 2 5 2 3 1 4    w_4_246-w_4_248
3 4 1   0 4 2 5 2 6 1 4    w_4_246-w_4_262
3 4 1   0 4 2 5 2 4 1 4    -w_4_256+2*w_4_253
3 4 1   0 4 2 5 2 4 1 5    -w_4_257+2*w_4_254
3 4 1   0 1 2 3 2 4 3 4    -w_4_125
3 4 1   0 1 2 3 2 6 3 5    -w_4_130
3 4 1   0 1 2 3 2 6 4 5    -w_4_131
3 4 1   0 1 2 5 2 4 3 4    -w_4_139
3 4 1   0 1 2 5 2 6 3 4    -w_4_141
3 4 1   0 1 2 5 2 6 3 5    -w_4_142
3 4 1   0 1 2 5 2 6 4 5    -w_4_143
3 4 1   0 1 2 5 3 4 2 5    -w_4_144
# 1 1 1 
3 4 1   0 1 2 3 3 6 3 5    -1/12-w_4_135
3 4 1   0 1 2 5 3 6 3 5    -1/6-w_4_149
3 4 1   0 4 1 3 2 3 3 4    1/6+w_4_166-w_4_223
3 4 1   0 4 1 3 2 4 3 4    1/6-w_4_166-w_4_228
3 4 1   0 4 1 3 2 6 3 4    1/6-w_4_232
3 4 1   0 1 2 3 3 4 4 5    1/3-w_4_134
3 4 1   0 1 2 3 3 4 3 4    -1/6-w_4_132
3 4 1   0 1 2 3 4 6 4 5    -1/12-w_4_137
3 4 1   0 1 2 5 3 4 4 5    1/6-w_4_147
3 4 1   0 2 1 3 3 4 3 4    w_4_64-w_4_132
3 4 1   0 4 1 2 3 4 3 4    -1/6+w_4_64
3 4 1   0 2 1 3 3 4 3 5    w_4_65-w_4_133
3 4 1   0 4 1 2 3 4 4 5    -w_4_65
3 4 1   0 2 1 3 3 4 4 5    -w_4_134+w_4_66
3 4 1   0 4 1 2 3 4 3 5    -1/3-w_4_66
3 4 1   0 2 1 3 3 6 3 5    w_4_67-w_4_135
3 4 1   0 4 1 2 4 6 4 5    -1/12+w_4_67
3 4 1   0 2 1 3 3 6 4 5    w_4_68-w_4_136
3 4 1   0 4 1 2 3 6 4 5    w_4_68
3 4 1   0 2 1 3 4 6 4 5    -w_4_137+w_4_69
3 4 1   0 4 1 2 3 6 3 5    -1/12+w_4_69
3 4 1   0 2 1 5 3 4 3 4    -w_4_145+w_4_105
3 4 1   0 4 3 5 1 2 3 5    w_4_105
3 4 1   0 2 1 5 3 4 3 5    w_4_106-w_4_146
3 4 1   0 4 3 5 1 2 4 5    w_4_106
3 4 1   0 2 1 5 3 4 4 5    -w_4_147+w_4_107
3 4 1   0 4 3 5 1 2 3 4    -1/6-w_4_107
3 4 1   0 2 1 5 3 6 3 4    -w_4_148+w_4_111
3 4 1   0 4 5 6 1 2 3 5    -w_4_111
3 4 1   0 2 1 5 3 6 3 5    w_4_112-w_4_149
3 4 1   0 4 5 6 1 2 4 5    1/6-w_4_112
3 4 1   0 2 1 5 3 6 4 5    -w_4_150+w_4_113
3 4 1   0 4 5 6 1 2 3 4    w_4_113
3 4 1   0 2 1 5 4 6 3 4    -w_4_151+w_4_117
3 4 1   0 4 3 5 3 6 1 2    -w_4_117
3 4 1   0 2 1 5 4 6 3 5    -w_4_152+w_4_118
3 4 1   0 4 3 5 4 6 1 2    -w_4_118
3 4 1   0 2 1 5 4 6 4 5    -w_4_153+w_4_119
3 4 1   0 4 3 5 3 4 1 2    w_4_119
3 4 1   0 4 1 3 2 3 3 5    w_4_167-w_4_224
3 4 1   0 4 1 3 2 4 4 5    -w_4_230+w_4_167
3 4 1   0 4 1 3 2 3 4 5    w_4_168-w_4_225
3 4 1   0 4 1 3 2 4 3 5    -w_4_229+w_4_168
3 4 1   0 4 1 3 2 6 3 5    -w_4_233+w_4_170
3 4 1   0 4 1 3 2 6 4 5    w_4_170-w_4_234
3 4 1   0 4 1 5 2 3 3 4    w_4_180-w_4_250
3 4 1   0 4 2 5 1 3 3 5    -w_4_180-w_4_251
3 4 1   0 4 1 5 2 3 3 5    w_4_181-w_4_251
3 4 1   0 4 2 5 1 3 4 5    -w_4_252-w_4_181
3 4 1   0 4 1 5 2 3 4 5    w_4_182-w_4_252
3 4 1   0 4 2 5 1 3 3 4    w_4_182-w_4_250
3 4 1   0 4 1 5 2 4 3 4    -w_4_258+w_4_188
3 4 1   0 4 2 3 1 3 3 5    -w_4_224-w_4_188
3 4 1   0 4 1 5 2 4 3 5    -w_4_259+w_4_189
3 4 1   0 4 2 3 1 3 4 5    -w_4_189-w_4_225
3 4 1   0 4 1 5 2 4 4 5    1/6-w_4_260+w_4_190
3 4 1   0 4 2 3 1 3 3 4    -w_4_223+w_4_190
3 4 1   0 4 1 5 2 6 3 4    -w_4_264+w_4_195
3 4 1   0 4 2 5 3 6 1 3    -w_4_276-w_4_195
3 4 1   0 4 1 5 2 6 3 5    -w_4_265+w_4_196
3 4 1   0 4 2 5 4 6 1 3    -w_4_283-w_4_196
3 4 1   0 4 1 5 2 6 4 5    -w_4_266+w_4_197
3 4 1   0 4 2 5 3 4 1 3    -w_4_269+w_4_197
3 4 1   0 4 1 5 3 4 2 3    -w_4_269+w_4_198
3 4 1   0 4 3 5 1 3 2 5    -w_4_198-w_4_293
3 4 1   0 4 1 5 3 4 2 4    -w_4_270+w_4_199
3 4 1   0 4 3 5 1 3 2 3    -w_4_199-w_4_291
3 4 1   0 4 1 5 3 4 2 5    w_4_200-w_4_271
3 4 1   0 4 3 5 1 3 2 4    -w_4_200-w_4_292
3 4 1   0 4 1 5 3 6 2 3    -w_4_276+w_4_201
3 4 1   0 4 5 6 1 3 2 5    w_4_201-w_4_321
3 4 1   0 4 1 5 3 6 2 4    -w_4_277+w_4_202
3 4 1   0 4 5 6 1 3 2 3    w_4_202
3 4 1   0 4 1 5 3 6 2 5    w_4_203-w_4_278
3 4 1   0 4 5 6 1 3 2 4    w_4_203-w_4_320
3 4 1   0 4 1 5 4 6 2 3    w_4_204-w_4_283
3 4 1   0 4 3 5 2 6 1 3    -w_4_305+w_4_204
3 4 1   0 4 1 5 4 6 2 4    w_4_205-w_4_284
3 4 1   0 4 3 5 2 3 1 3    w_4_205-w_4_291
3 4 1   0 4 1 5 4 6 2 5    -w_4_285+w_4_206
3 4 1   0 4 3 5 2 4 1 3    -w_4_298+w_4_206
3 4 1   0 4 2 3 1 4 3 4    w_4_211-w_4_228
3 4 1   0 4 2 5 1 4 4 5    -1/6-w_4_260-w_4_211
3 4 1   0 4 2 3 1 4 3 5    -w_4_229+w_4_212
3 4 1   0 4 2 5 1 4 3 5    -w_4_259-w_4_212
3 4 1   0 4 2 3 1 4 4 5    w_4_213-w_4_230
3 4 1   0 4 2 5 1 4 3 4    -w_4_213-w_4_258
3 4 1   0 4 2 3 1 6 3 4    -w_4_232+w_4_217
3 4 1   0 4 5 6 1 6 2 5    1/6+w_4_217
3 4 1   0 4 2 3 1 6 3 5    -w_4_233+w_4_218
3 4 1   0 4 3 5 1 6 2 5    -w_4_218-w_4_307
3 4 1   0 4 2 3 1 6 4 5    -w_4_234+w_4_219
3 4 1   0 4 3 5 2 6 1 5    -w_4_307-w_4_219
3 4 1   0 4 2 5 1 6 3 4    w_4_243-w_4_264
3 4 1   0 4 5 6 1 6 2 3    w_4_243+w_4_321
3 4 1   0 4 2 5 1 6 3 5    w_4_244-w_4_265
3 4 1   0 4 3 5 1 6 2 3    -w_4_305-w_4_244
3 4 1   0 4 2 5 1 6 4 5    w_4_245-w_4_266
3 4 1   0 4 3 5 2 3 1 5    -w_4_245-w_4_293
3 4 1   0 4 2 5 3 4 1 4    -w_4_270+w_4_267
3 4 1   0 4 2 5 4 6 1 4    -w_4_267-w_4_284
3 4 1   0 4 2 5 3 4 1 5    -w_4_271+w_4_268
3 4 1   0 4 5 6 1 6 2 4    w_4_268+w_4_325
3 4 1   0 4 2 5 3 6 1 5    -w_4_278+w_4_275
3 4 1   0 4 3 5 1 6 2 4    -w_4_306-w_4_275
3 4 1   0 4 2 5 4 6 1 5    -w_4_285+w_4_282
3 4 1   0 4 3 5 2 4 1 5    -w_4_282-w_4_300
3 4 1   0 4 3 5 1 4 2 3    -w_4_298+w_4_289
3 4 1   0 4 3 5 1 4 2 5    -w_4_289-w_4_300
3 4 1   0 4 3 5 2 3 1 4    -w_4_292+w_4_290
3 4 1   0 4 5 6 1 4 2 5    w_4_290-w_4_325
3 4 1   0 4 3 5 2 4 1 4    -w_4_299+w_4_297
3 4 1   0 4 5 6 1 4 2 4    w_4_297
3 4 1   0 4 3 5 2 6 1 4    -w_4_306+w_4_304
3 4 1   0 4 5 6 1 4 2 3    w_4_320+w_4_304
3 4 1   0 1 2 3 3 4 3 5    -w_4_133
3 4 1   0 1 2 3 3 6 4 5    -w_4_136
3 4 1   0 1 2 5 3 4 3 4    -w_4_145
3 4 1   0 1 2 5 3 4 3 5    -w_4_146
3 4 1   0 1 2 5 3 6 3 4    -w_4_148
3 4 1   0 1 2 5 3 6 4 5    -w_4_150
3 4 1   0 1 2 5 4 6 3 4    -w_4_151
3 4 1   0 1 2 5 4 6 3 5    -w_4_152
3 4 1   0 1 2 5 4 6 4 5    -w_4_153
3 4 1   0 4 2 5 3 6 1 4    -w_4_277
3 4 1   0 4 3 5 1 4 2 4    -w_4_299
