h^0:
h^1:
h^2:
# 1 1 1 
3 2 1   0 1 2 3    -2/3
3 2 1   0 2 1 3    2/3
3 2 1   0 4 1 2    -2/3
h^3:
# 1 2 2 
3 3 1   0 1 1 2 2 3    -2/3
3 3 1   0 2 1 2 1 3    2/3
3 3 1   0 4 1 2 1 2    -2/3
# 2 1 2 
3 3 1   0 1 0 2 2 3    -2/3
3 3 1   0 2 0 2 1 3    2/3
3 3 1   0 2 0 5 1 2    -2/3
# 2 2 1 
3 3 1   0 1 0 1 2 3    -2/3
3 3 1   0 1 0 2 1 4    2/3
3 3 1   0 1 0 5 1 2    -2/3
# 1 2 1 
3 3 1   0 1 1 3 2 4    1/3
3 3 1   0 1 1 5 2 3    -1/3
3 3 1   0 4 1 5 1 2    -1/3
3 3 1   0 4 1 2 1 3    1/3
# 1 1 1 
3 3 1   0 4 1 3 2 4    1/6
3 3 1   0 1 2 5 3 4    -1/6
3 3 1   0 1 2 3 3 4    -1/6
3 3 1   0 4 1 2 3 4    -1/6
3 3 1   0 4 2 3 1 4    -1/6
3 3 1   0 4 1 5 2 4    1/6
3 3 1   0 4 3 5 1 2    -1/6
3 3 1   0 4 2 3 1 3    -1/6
# 1 1 2 
3 3 1   0 1 2 3 2 4    1/3
3 3 1   0 1 2 3 2 3    1/3
3 3 1   0 2 1 3 2 4    -1/6
3 3 1   0 4 1 2 2 3    1/6
3 3 1   0 2 1 5 2 3    -1/6
3 3 1   0 4 2 5 1 2    1/6
3 3 1   0 4 1 2 2 4    1/3
3 3 1   0 2 1 2 3 4    -1/3
3 3 1   0 2 1 3 2 3    -1/3
# 2 1 1 
3 3 1   0 1 0 3 2 3    -1/3
3 3 1   0 1 0 3 2 4    -1/6
3 3 1   0 1 0 2 3 4    1/3
3 3 1   0 1 0 5 2 3    -1/6
3 3 1   0 2 0 3 1 3    1/3
3 3 1   0 4 1 2 0 4    -1/3
3 3 1   0 4 0 5 1 2    -1/3
3 3 1   0 2 0 3 1 4    1/6
3 3 1   0 2 0 5 1 3    1/6
h^4:
# 3 3 1 
3 4 1   0 1 0 1 0 1 2 3    -1/3
3 4 1   0 1 0 1 0 2 1 5    1/3
3 4 1   0 1 0 1 0 6 1 2    -1/3
# 3 2 2 
3 4 1   0 1 0 1 0 2 2 3    -2/3
3 4 1   0 1 0 2 0 2 1 4    2/3
3 4 1   0 1 0 2 0 6 1 2    -2/3
# 3 1 3 
3 4 1   0 1 0 2 0 2 2 3    -1/3
3 4 1   0 2 0 2 0 2 1 3    1/3
3 4 1   0 2 0 2 0 6 1 2    -1/3
# 2 3 2 
3 4 1   0 1 0 1 1 2 2 3    -2/3
3 4 1   0 1 0 2 1 2 1 4    2/3
3 4 1   0 1 0 5 1 2 1 2    -2/3
# 1 3 3 
3 4 1   0 1 1 2 1 2 2 3    -1/3
3 4 1   0 2 1 2 1 2 1 3    1/3
3 4 1   0 4 1 2 1 2 1 2    -1/3
# 2 2 3 
3 4 1   0 1 0 2 1 2 2 3    -2/3
3 4 1   0 2 0 2 1 2 1 3    2/3
3 4 1   0 2 0 5 1 2 1 2    -2/3
# 1 3 2 
3 4 1   0 1 1 2 1 3 2 5    1/3
3 4 1   0 1 1 2 1 4 2 3    -2/9
3 4 1   0 1 1 2 1 6 2 3    -1/3
3 4 1   0 2 1 2 1 3 1 4    2/9
3 4 1   0 4 1 2 1 2 1 5    -2/9
3 4 1   0 4 1 5 1 2 1 2    -1/3
3 4 1   0 4 1 2 1 2 1 3    1/3
# 2 3 1 
3 4 1   0 1 0 1 1 3 2 4    2/9
3 4 1   0 1 0 1 1 3 2 5    1/3
3 4 1   0 1 0 2 1 3 1 4    -2/9
3 4 1   0 1 0 5 1 2 1 3    2/9
3 4 1   0 1 0 1 1 6 2 3    -1/3
3 4 1   0 1 0 5 1 6 1 2    -1/3
3 4 1   0 1 0 5 1 2 1 4    1/3
# 2 1 3 
3 4 1   0 1 0 2 2 3 2 4    2/9
3 4 1   0 1 0 2 2 3 2 5    1/3
3 4 1   0 1 0 2 2 3 2 3    1/3
3 4 1   0 2 0 2 1 3 2 5    -1/6
3 4 1   0 2 0 5 1 2 2 4    1/6
3 4 1   0 2 0 2 1 6 2 3    -1/6
3 4 1   0 2 0 5 2 6 1 2    1/6
3 4 1   0 2 0 2 1 3 2 4    -2/9
3 4 1   0 2 0 5 1 2 2 3    2/9
3 4 1   0 2 0 5 1 2 2 5    1/3
3 4 1   0 2 0 2 1 2 3 5    -1/3
3 4 1   0 2 0 2 1 3 2 3    -1/3
# 3 2 1 
3 4 1   0 1 0 1 0 3 2 3    -1/3
3 4 1   0 1 0 1 0 3 2 4    -2/9
3 4 1   0 1 0 1 0 3 2 5    -1/6
3 4 1   0 1 0 2 0 3 1 4    2/9
3 4 1   0 1 0 3 0 6 1 2    -2/9
3 4 1   0 1 0 1 0 2 3 5    1/3
3 4 1   0 1 0 1 0 6 2 3    -1/6
3 4 1   0 1 0 2 0 4 1 4    1/3
3 4 1   0 1 0 5 1 2 0 5    -1/3
3 4 1   0 1 0 5 0 6 1 2    -1/3
3 4 1   0 1 0 2 0 4 1 5    1/6
3 4 1   0 1 0 2 0 6 1 4    1/6
# 3 1 2 
3 4 1   0 1 0 2 0 3 2 3    -1/3
3 4 1   0 1 0 2 0 3 2 5    -1/6
3 4 1   0 1 0 2 0 2 3 4    1/3
3 4 1   0 1 0 2 0 4 2 3    -2/9
3 4 1   0 1 0 2 0 6 2 3    -1/6
3 4 1   0 2 0 2 0 3 1 3    1/3
3 4 1   0 2 0 5 1 2 0 5    -1/3
3 4 1   0 2 0 2 0 3 1 4    2/9
3 4 1   0 2 0 3 0 6 1 2    -2/9
3 4 1   0 2 0 5 0 6 1 2    -1/3
3 4 1   0 2 0 2 0 3 1 5    1/6
3 4 1   0 2 0 2 0 6 1 3    1/6
# 1 2 3 
3 4 1   0 1 1 2 2 3 2 4    2/9
3 4 1   0 1 1 2 2 3 2 5    1/3
3 4 1   0 1 1 2 2 3 2 3    1/3
3 4 1   0 2 1 2 1 3 2 5    -1/6
3 4 1   0 4 1 2 1 2 2 3    1/6
3 4 1   0 2 1 2 1 6 2 3    -1/6
3 4 1   0 4 2 5 1 2 1 2    1/6
3 4 1   0 2 1 2 1 3 2 4    -2/9
3 4 1   0 4 1 2 1 2 2 5    2/9
3 4 1   0 4 1 2 1 2 2 4    1/3
3 4 1   0 2 1 2 1 2 3 4    -1/3
3 4 1   0 2 1 2 1 3 2 3    -1/3
# 2 2 2 
3 4 1   0 1 0 1 2 3 2 5    1/3
3 4 1   0 1 0 2 1 3 2 5    1/3
3 4 1   0 1 0 3 1 2 2 3    -1/3
3 4 1   0 1 0 3 1 2 2 4    -1/6
3 4 1   0 1 0 1 2 3 2 3    1/3
3 4 1   0 1 0 1 2 3 2 4    4/9
3 4 1   0 1 0 2 1 2 3 4    1/3
3 4 1   0 1 0 2 1 4 2 3    -4/9
3 4 1   0 1 0 2 1 6 2 3    -1/3
3 4 1   0 1 0 5 2 3 1 2    -1/6
3 4 1   0 1 0 2 1 4 2 5    -1/6
3 4 1   0 1 0 5 1 2 2 4    1/6
3 4 1   0 1 0 2 1 6 2 4    -1/6
3 4 1   0 1 0 5 2 6 1 2    1/6
3 4 1   0 2 0 3 1 2 1 3    1/3
3 4 1   0 4 1 2 0 4 1 2    -1/3
3 4 1   0 2 0 5 1 2 1 3    4/9
3 4 1   0 4 1 2 0 6 1 2    -4/9
3 4 1   0 4 0 5 1 2 1 2    -1/3
3 4 1   0 1 0 5 1 2 2 5    1/3
3 4 1   0 2 0 5 1 6 1 2    -1/3
3 4 1   0 1 0 2 1 2 4 5    -1/3
3 4 1   0 2 0 5 1 2 1 4    1/3
3 4 1   0 2 0 3 1 2 1 4    1/6
3 4 1   0 2 0 5 1 3 1 2    1/6
3 4 1   0 1 0 2 1 4 2 4    -1/3
# 1 3 1 
3 4 1   0 1 1 3 1 3 2 3    -1/6+8*w_4_6
3 4 1   0 1 1 3 1 3 2 4    -1/3+16*w_4_7
3 4 1   0 1 1 2 1 3 3 4    2/9
3 4 1   0 1 1 2 1 3 4 5    1/9
3 4 1   0 1 1 3 1 6 2 3    1/9+16*w_4_7
3 4 1   0 1 1 3 1 6 2 4    1/9+16*w_4_12
3 4 1   0 1 1 2 1 4 3 4    2/9
3 4 1   0 1 1 5 2 3 1 5    -1/6+8*w_4_11
3 4 1   0 2 1 3 1 3 1 3    16/3*w_4_6
3 4 1   0 4 1 2 1 4 1 4    -1/6+8*w_4_6
3 4 1   0 2 1 3 1 3 1 4    32*w_4_7
3 4 1   0 4 1 2 1 3 1 4    1/9+16*w_4_7
3 4 1   0 4 1 2 1 4 1 5    16*w_4_7
3 4 1   0 4 1 5 1 2 1 5    -1/3+16*w_4_7
3 4 1   0 2 1 3 1 4 1 4    16*w_4_11
3 4 1   0 4 1 2 1 3 1 3    -1/6+8*w_4_11
3 4 1   0 4 1 5 1 2 1 4    16*w_4_11
3 4 1   0 2 1 3 1 4 1 5    32*w_4_12
3 4 1   0 4 1 2 1 3 1 5    16*w_4_12
3 4 1   0 4 1 5 1 2 1 3    1/9+16*w_4_12
3 4 1   0 4 1 5 1 6 1 2    16*w_4_12
3 4 1   0 1 1 2 1 4 3 5    -1/9
3 4 1   0 1 1 3 1 4 2 3    16*w_4_7
3 4 1   0 1 1 3 1 4 2 4    16*w_4_11
3 4 1   0 1 1 3 1 4 2 5    16*w_4_12
3 4 1   0 1 1 5 1 6 2 3    16*w_4_12
# 3 1 1 
3 4 1   0 1 0 3 0 3 2 3    -1/6-8*w_4_8
3 4 1   0 1 0 3 0 3 2 4    -1/3-16*w_4_9
3 4 1   0 1 0 2 0 3 3 4    1/9-16*w_4_1
3 4 1   0 1 0 2 0 3 4 5    -1/9-16*w_4_2
3 4 1   0 1 0 3 0 6 2 3    -1/9-16*w_4_19
3 4 1   0 1 0 3 0 6 2 4    -1/9-16*w_4_20
3 4 1   0 1 0 2 0 4 3 4    1/3+16*w_4_1
3 4 1   0 1 0 5 2 3 0 5    -1/6+8*w_4_26
3 4 1   0 2 0 3 0 3 1 3    -8*w_4_8+8*w_4_6
3 4 1   0 4 1 2 0 4 0 4    -1/6+8/3*w_4_6
3 4 1   0 2 0 3 0 3 1 4    -16*w_4_9+16*w_4_7
3 4 1   0 2 0 3 0 4 1 3    16*w_4_7-16*w_4_13
3 4 1   0 2 0 3 0 6 1 3    16*w_4_7-16*w_4_19
3 4 1   0 4 0 5 1 2 0 5    -1/3+16*w_4_7
3 4 1   0 2 0 3 0 4 1 4    -16*w_4_14+16*w_4_11
3 4 1   0 2 0 5 1 3 0 5    8*w_4_26+8*w_4_11
3 4 1   0 4 0 5 1 2 0 4    -1/6+8*w_4_11
3 4 1   0 2 0 3 0 4 1 5    16*w_4_12-16*w_4_15
3 4 1   0 2 0 3 0 6 1 4    -16*w_4_20+16*w_4_12
3 4 1   0 2 0 5 0 6 1 3    16*w_4_12+16*w_4_27
3 4 1   0 4 0 5 0 6 1 2    16*w_4_12
3 4 1   0 1 0 2 0 4 3 5    -16*w_4_2
3 4 1   0 1 0 3 0 4 2 3    -16*w_4_13
3 4 1   0 1 0 3 0 4 2 4    -16*w_4_14
3 4 1   0 1 0 3 0 4 2 5    -16*w_4_15
3 4 1   0 1 0 5 0 6 2 3    16*w_4_27
# 1 1 3 
3 4 1   0 1 2 3 2 4 2 4    -1/6+8*w_4_11
3 4 1   0 1 2 3 2 3 2 4    -1/3+16*w_4_7
3 4 1   0 1 2 3 2 3 2 3    -1/6+8/3*w_4_6
3 4 1   0 2 1 2 2 3 3 4    1/3+16*w_4_1
3 4 1   0 2 1 2 2 4 3 4    1/9-16*w_4_1
3 4 1   0 2 1 2 2 3 4 5    16*w_4_2
3 4 1   0 2 1 2 2 4 3 5    1/9+16*w_4_2
3 4 1   0 2 1 3 2 3 2 3    -8*w_4_8+8*w_4_6
3 4 1   0 4 1 2 2 4 2 4    -1/6-8*w_4_8
3 4 1   0 2 1 5 2 3 2 3    -16*w_4_9+16*w_4_7
3 4 1   0 4 2 5 1 2 2 5    -1/3-16*w_4_9
3 4 1   0 2 1 3 2 3 2 5    16*w_4_7-16*w_4_13
3 4 1   0 4 1 2 2 4 2 5    -16*w_4_13
3 4 1   0 2 1 5 2 3 2 5    -16*w_4_14+16*w_4_11
3 4 1   0 4 2 5 1 2 2 4    -16*w_4_14
3 4 1   0 2 1 5 2 6 2 3    16*w_4_12-16*w_4_15
3 4 1   0 4 2 5 2 6 1 2    -16*w_4_15
3 4 1   0 2 1 3 2 3 2 4    16*w_4_7-16*w_4_19
3 4 1   0 4 1 2 2 3 2 4    -1/9-16*w_4_19
3 4 1   0 2 1 5 2 3 2 4    -16*w_4_20+16*w_4_12
3 4 1   0 4 2 5 1 2 2 3    -1/9-16*w_4_20
3 4 1   0 2 1 3 2 4 2 4    8*w_4_26+8*w_4_11
3 4 1   0 4 1 2 2 3 2 3    -1/6+8*w_4_26
3 4 1   0 2 1 3 2 4 2 5    16*w_4_12+16*w_4_27
3 4 1   0 4 1 2 2 3 2 5    16*w_4_27
3 4 1   0 1 2 3 2 4 2 5    16*w_4_12
# 2 2 1 
3 4 1   0 1 0 5 1 4 2 3    1/9
3 4 1   0 1 0 5 1 4 2 5    1/6
3 4 1   0 1 0 3 1 4 2 3    1/6+16*w_4_19
3 4 1   0 1 0 3 1 4 2 4    1/6-16*w_4_26
3 4 1   0 1 0 3 1 4 2 5    1/6-16*w_4_27
3 4 1   0 1 0 5 1 3 2 3    1/6+16*w_4_9
3 4 1   0 1 0 5 1 3 2 4    1/6+16*w_4_20
3 4 1   0 1 0 5 1 3 2 5    1/6+16*w_4_14
3 4 1   0 1 0 1 2 6 3 5    -1/6
3 4 1   0 2 0 5 1 4 1 3    -1/9
3 4 1   0 4 1 2 0 6 1 5    1/9
3 4 1   0 1 0 2 1 3 3 4    -1/9-16*w_4_1
3 4 1   0 1 0 2 1 3 4 5    1/9-16*w_4_2
3 4 1   0 1 0 5 2 3 1 3    1/9+16*w_4_9
3 4 1   0 1 0 5 2 6 1 3    1/9+16*w_4_15
3 4 1   0 1 0 3 1 2 3 5    1/9
3 4 1   0 1 0 3 1 2 4 5    -1/18
3 4 1   0 1 0 3 1 6 2 3    -1/9+16*w_4_13
3 4 1   0 1 0 3 1 6 2 4    -1/9-16*w_4_27
3 4 1   0 1 0 1 2 3 3 5    -1/6
3 4 1   0 1 0 1 2 3 4 5    -1/3-16*w_4_2
3 4 1   0 1 0 2 1 4 3 4    1/3+16*w_4_1
3 4 1   0 1 0 5 2 3 1 5    -1/3+16*w_4_14
3 4 1   0 1 0 5 1 2 4 5    -1/6
3 4 1   0 1 0 5 2 4 1 5    -1/6
3 4 1   0 2 0 3 1 3 1 3    8*w_4_8+8*w_4_6
3 4 1   0 4 1 2 0 4 1 4    -1/6+8*w_4_6
3 4 1   0 2 0 3 1 3 1 4    16*w_4_7+16*w_4_19
3 4 1   0 2 0 3 1 3 1 5    16*w_4_7+16*w_4_13
3 4 1   0 2 0 5 1 3 1 3    16*w_4_9+16*w_4_7
3 4 1   0 4 1 2 0 4 1 3    1/3+16*w_4_7
3 4 1   0 4 0 5 1 2 1 5    -1/9+16*w_4_7
3 4 1   0 4 1 2 0 6 1 4    -1/3+16*w_4_7
3 4 1   0 2 0 3 1 4 1 4    -8*w_4_26+8*w_4_11
3 4 1   0 2 0 5 1 3 1 5    16*w_4_14+16*w_4_11
3 4 1   0 4 0 5 1 2 1 4    16*w_4_11
3 4 1   0 4 1 5 1 2 0 4    -1/6+8*w_4_11
3 4 1   0 2 0 3 1 4 1 5    16*w_4_12-16*w_4_27
3 4 1   0 2 0 5 1 3 1 4    16*w_4_20+16*w_4_12
3 4 1   0 2 0 5 1 6 1 3    16*w_4_12+16*w_4_15
3 4 1   0 4 0 5 1 2 1 3    1/6+16*w_4_12
3 4 1   0 4 1 2 0 6 1 3    1/6+16*w_4_12
3 4 1   0 4 0 5 1 6 1 2    -1/9+16*w_4_12
3 4 1   0 1 0 5 1 6 2 5    1/6
3 4 1   0 1 0 5 4 6 1 2    -1/6
3 4 1   0 1 0 5 3 6 1 2    -1/6
3 4 1   0 1 0 5 2 4 1 4    -1/6
3 4 1   0 1 0 1 2 3 3 4    -16*w_4_1
3 4 1   0 1 0 2 1 4 3 5    -16*w_4_2
3 4 1   0 1 0 3 1 3 2 3    16*w_4_8
3 4 1   0 1 0 3 1 3 2 5    16*w_4_13
3 4 1   0 1 0 5 1 6 2 3    16*w_4_15
3 4 1   0 1 0 3 1 3 2 4    16*w_4_19
3 4 1   0 1 0 5 2 3 1 4    16*w_4_20
# 1 2 2 
3 4 1   0 1 1 3 2 3 2 5    -1/9+16*w_4_7
3 4 1   0 1 1 3 2 4 2 5    -1/9+16*w_4_12
3 4 1   0 4 1 3 1 2 2 4    1/6
3 4 1   0 1 1 3 2 3 2 3    -1/6+8*w_4_6
3 4 1   0 1 1 3 2 3 2 4    -1/3+16*w_4_7
3 4 1   0 1 1 3 2 4 2 4    -1/6+8*w_4_11
3 4 1   0 1 1 2 2 3 3 5    -1/6
3 4 1   0 1 1 5 2 3 2 3    1/3+16*w_4_7
3 4 1   0 1 1 2 2 6 3 5    -1/6
3 4 1   0 1 1 5 2 4 2 3    1/9
3 4 1   0 1 1 2 2 6 3 4    -1/6
3 4 1   0 1 1 5 2 3 2 4    1/6+16*w_4_12
3 4 1   0 1 1 2 2 4 3 5    -1/18
3 4 1   0 1 1 5 2 6 2 3    1/6+16*w_4_12
3 4 1   0 4 1 2 1 2 3 4    -1/6
3 4 1   0 4 2 3 1 2 1 4    -1/6
3 4 1   0 2 1 3 1 6 2 5    -1/9
3 4 1   0 4 1 2 1 6 2 5    1/9
3 4 1   0 2 1 2 1 3 3 4    1/3+16*w_4_1
3 4 1   0 2 1 2 1 4 3 4    -1/9-16*w_4_1
3 4 1   0 4 1 2 1 2 4 5    16*w_4_1
3 4 1   0 2 1 2 1 3 4 5    16*w_4_2
3 4 1   0 2 1 2 1 4 3 5    -1/9+16*w_4_2
3 4 1   0 4 1 2 1 2 3 5    -1/3-16*w_4_2
3 4 1   0 2 1 3 1 3 2 3    8*w_4_8+8*w_4_6
3 4 1   0 4 1 2 1 4 2 4    16*w_4_8
3 4 1   0 2 1 3 1 3 2 4    16*w_4_9+16*w_4_7
3 4 1   0 4 1 2 1 4 2 3    1/9+16*w_4_9
3 4 1   0 4 1 2 1 4 2 5    1/6+16*w_4_9
3 4 1   0 2 1 3 1 4 2 3    16*w_4_7+16*w_4_13
3 4 1   0 4 1 2 1 3 2 4    -1/9+16*w_4_13
3 4 1   0 4 1 5 1 2 2 5    16*w_4_13
3 4 1   0 2 1 3 1 4 2 4    16*w_4_14+16*w_4_11
3 4 1   0 4 1 2 1 3 2 3    -1/3+16*w_4_14
3 4 1   0 4 1 5 1 2 2 4    1/6+16*w_4_14
3 4 1   0 2 1 3 1 4 2 5    16*w_4_12+16*w_4_15
3 4 1   0 4 1 2 1 3 2 5    16*w_4_15
3 4 1   0 4 1 5 1 2 2 3    1/9+16*w_4_15
3 4 1   0 2 1 3 1 6 2 3    16*w_4_7+16*w_4_19
3 4 1   0 4 1 2 1 6 2 4    1/6+16*w_4_19
3 4 1   0 4 2 5 1 2 1 5    16*w_4_19
3 4 1   0 2 1 3 1 6 2 4    16*w_4_20+16*w_4_12
3 4 1   0 4 1 2 1 6 2 3    16*w_4_20
3 4 1   0 4 2 5 1 6 1 2    1/6+16*w_4_20
3 4 1   0 2 1 5 2 3 1 5    -8*w_4_26+8*w_4_11
3 4 1   0 4 2 5 1 2 1 4    1/6-16*w_4_26
3 4 1   0 2 1 5 1 6 2 3    16*w_4_12-16*w_4_27
3 4 1   0 4 1 5 2 6 1 2    1/6-16*w_4_27
3 4 1   0 4 2 5 1 2 1 3    -1/9-16*w_4_27
3 4 1   0 4 1 5 2 4 1 2    1/6
3 4 1   0 4 3 5 1 2 1 2    -1/6
3 4 1   0 1 1 2 2 4 3 4    1/9
3 4 1   0 4 2 3 1 2 1 3    -1/6
3 4 1   0 1 1 5 2 3 2 5    16*w_4_11
# 2 1 2 
3 4 1   0 1 0 3 2 3 2 5    1/9+16*w_4_13
3 4 1   0 1 0 3 2 4 2 5    1/9-16*w_4_27
3 4 1   0 2 0 5 1 4 2 5    1/6
3 4 1   0 1 0 3 2 3 2 3    1/6+8*w_4_8
3 4 1   0 1 0 3 2 3 2 4    1/3+16*w_4_19
3 4 1   0 1 0 3 2 4 2 4    1/6-8*w_4_26
3 4 1   0 1 0 2 2 3 3 4    -1/3-16*w_4_1
3 4 1   0 1 0 2 2 3 3 5    -1/6
3 4 1   0 1 0 5 2 3 2 3    1/3+16*w_4_9
3 4 1   0 1 0 2 2 6 3 5    -1/6
3 4 1   0 1 0 5 2 4 2 3    1/9
3 4 1   0 1 0 2 2 6 3 4    -1/6
3 4 1   0 1 0 5 2 3 2 4    1/6+16*w_4_20
3 4 1   0 1 0 2 2 4 3 5    -1/6-16*w_4_2
3 4 1   0 1 0 5 2 6 2 3    1/6+16*w_4_15
3 4 1   0 2 0 5 1 2 4 5    -1/6
3 4 1   0 2 0 5 2 4 1 5    -1/6
3 4 1   0 2 0 5 2 4 1 3    -1/9
3 4 1   0 4 1 2 0 6 2 5    1/9
3 4 1   0 2 0 3 1 2 3 5    16*w_4_1
3 4 1   0 2 0 5 1 2 3 5    -1/3-16*w_4_1
3 4 1   0 2 0 3 1 2 4 5    -1/6-16*w_4_2
3 4 1   0 2 0 5 1 2 3 4    16*w_4_2
3 4 1   0 2 0 3 1 3 2 3    32*w_4_8
3 4 1   0 4 1 2 0 4 2 4    1/6+8*w_4_8
3 4 1   0 2 0 3 1 3 2 4    16*w_4_9+16*w_4_19
3 4 1   0 2 0 3 1 3 2 5    16*w_4_9+16*w_4_13
3 4 1   0 4 1 2 0 4 2 3    1/3+16*w_4_9
3 4 1   0 2 0 3 1 4 2 3    16*w_4_19+16*w_4_13
3 4 1   0 2 0 5 1 3 2 3    16*w_4_9+16*w_4_13
3 4 1   0 4 0 5 1 2 2 5    1/9+16*w_4_13
3 4 1   0 2 0 3 1 4 2 4    16*w_4_14-16*w_4_26
3 4 1   0 2 0 5 1 3 2 5    32*w_4_14
3 4 1   0 4 0 5 1 2 2 4    16*w_4_14
3 4 1   0 2 0 3 1 4 2 5    16*w_4_15-16*w_4_27
3 4 1   0 2 0 5 1 3 2 4    16*w_4_20+16*w_4_15
3 4 1   0 4 0 5 1 2 2 3    1/6+16*w_4_15
3 4 1   0 2 0 3 1 6 2 3    16*w_4_19+16*w_4_13
3 4 1   0 2 0 5 2 3 1 3    16*w_4_9+16*w_4_19
3 4 1   0 4 1 2 0 6 2 4    1/3+16*w_4_19
3 4 1   0 2 0 3 1 6 2 4    16*w_4_20-16*w_4_27
3 4 1   0 2 0 5 2 6 1 3    16*w_4_20+16*w_4_15
3 4 1   0 4 1 2 0 6 2 3    1/6+16*w_4_20
3 4 1   0 2 0 5 2 3 1 5    16*w_4_14-16*w_4_26
3 4 1   0 4 2 5 1 2 0 4    1/6-8*w_4_26
3 4 1   0 2 0 5 1 6 2 3    16*w_4_15-16*w_4_27
3 4 1   0 2 0 5 2 3 1 4    16*w_4_20-16*w_4_27
3 4 1   0 4 0 5 2 6 1 2    1/9-16*w_4_27
3 4 1   0 2 0 5 1 6 2 5    1/6
3 4 1   0 2 0 5 4 6 1 2    -1/6
3 4 1   0 2 0 5 3 6 1 2    -1/6
3 4 1   0 2 0 5 2 4 1 4    -1/6
3 4 1   0 1 0 2 2 4 3 4    16*w_4_1
3 4 1   0 1 0 2 2 3 4 5    -16*w_4_2
3 4 1   0 1 0 5 2 3 2 5    16*w_4_14
# 1 2 1 
3 4 1   0 1 1 3 2 3 3 4    1/6+16*w_4_10
3 4 1   0 1 1 3 2 4 3 4    1/6+16*w_4_16
3 4 1   0 1 1 3 2 6 3 4    1/6+16*w_4_21
3 4 1   0 4 1 3 1 3 2 3    -1/6+16*w_4_60-16*w_4_105
3 4 1   0 4 1 3 1 3 2 4    -1/6+16*w_4_61-16*w_4_84
3 4 1   0 4 1 3 1 3 2 5    -1/6-16*w_4_91+16*w_4_62
3 4 1   0 1 1 3 2 6 3 5    1/18+16*w_4_22
3 4 1   0 1 1 3 2 6 4 5    1/18+16*w_4_23
3 4 1   0 4 1 3 1 2 3 5    1/9-16*w_4_40
3 4 1   0 4 1 3 1 2 4 5    -1/18-16*w_4_40
3 4 1   0 4 1 3 1 6 2 3    1/18-16*w_4_91+16*w_4_63
3 4 1   0 4 1 3 1 6 2 4    1/18+16*w_4_63-16*w_4_74
3 4 1   0 1 1 3 2 3 3 5    1/9+16*w_4_10
3 4 1   0 1 1 3 2 3 4 5    1/9
3 4 1   0 1 1 3 2 4 3 5    1/9+16*w_4_17
3 4 1   0 1 1 3 2 4 4 5    1/9+16*w_4_18
3 4 1   0 1 1 5 2 3 3 5    -1/3+16*w_4_16
3 4 1   0 1 1 2 3 4 4 5    -1/6
3 4 1   0 1 1 5 2 3 4 5    -1/6-16*w_4_18
3 4 1   0 1 1 5 2 4 3 5    -1/9+16*w_4_40
3 4 1   0 1 1 5 2 6 3 5    -1/6+16*w_4_42
3 4 1   0 2 1 3 1 3 3 4    32*w_4_10
3 4 1   0 4 1 2 1 4 3 4    -1/9-16*w_4_10
3 4 1   0 4 1 2 1 4 4 5    1/6+16*w_4_10
3 4 1   0 2 1 3 1 4 3 4    32*w_4_16
3 4 1   0 4 1 2 1 3 3 4    1/3-16*w_4_16
3 4 1   0 4 1 5 1 2 4 5    -1/6-16*w_4_16
3 4 1   0 2 1 3 1 4 3 5    32*w_4_17
3 4 1   0 4 1 2 1 3 4 5    16*w_4_17
3 4 1   0 4 1 5 1 2 3 5    -1/9-16*w_4_17
3 4 1   0 2 1 3 1 4 4 5    32*w_4_18
3 4 1   0 4 1 2 1 3 3 5    1/6+16*w_4_18
3 4 1   0 4 1 5 1 2 3 4    -1/9-16*w_4_18
3 4 1   0 2 1 3 1 6 3 4    32*w_4_21
3 4 1   0 4 1 2 1 6 3 4    -16*w_4_21
3 4 1   0 4 5 6 1 2 1 5    1/6+16*w_4_21
3 4 1   0 2 1 3 1 6 3 5    32*w_4_22
3 4 1   0 4 1 2 1 6 4 5    16*w_4_22
3 4 1   0 4 3 5 1 2 1 5    -1/18-16*w_4_22
3 4 1   0 2 1 3 1 6 4 5    32*w_4_23
3 4 1   0 4 1 2 1 6 3 5    16*w_4_23
3 4 1   0 4 3 5 1 6 1 2    -1/18-16*w_4_23
3 4 1   0 2 1 5 1 4 3 4    32*w_4_40
3 4 1   0 2 1 5 1 6 3 4    32*w_4_41
3 4 1   0 4 1 5 3 6 1 2    -16*w_4_41
3 4 1   0 4 5 6 1 2 1 3    16*w_4_41
3 4 1   0 2 1 5 1 6 3 5    32*w_4_42
3 4 1   0 4 1 5 4 6 1 2    -16*w_4_42
3 4 1   0 4 3 5 1 2 1 3    1/6-16*w_4_42
3 4 1   0 2 1 5 3 4 1 5    32*w_4_46
3 4 1   0 4 3 5 1 2 1 4    -16*w_4_46
3 4 1   0 4 5 6 1 2 1 4    16*w_4_46
3 4 1   0 4 1 3 1 4 2 4    16*w_4_60-16*w_4_83
3 4 1   0 4 1 3 1 4 2 3    16*w_4_61-16*w_4_84
3 4 1   0 4 1 3 1 4 2 5    -16*w_4_74+16*w_4_62
3 4 1   0 4 1 5 1 4 2 3    -16*w_4_63+16*w_4_62
3 4 1   0 4 2 5 1 6 1 5    16*w_4_63-16*w_4_62
3 4 1   0 4 1 5 1 3 2 3    -16*w_4_76+16*w_4_71
3 4 1   0 4 1 5 1 3 2 5    16*w_4_71-16*w_4_75
3 4 1   0 4 1 5 1 3 2 4    -16*w_4_73+16*w_4_71
3 4 1   0 4 1 5 1 6 2 4    16*w_4_73-16*w_4_71
3 4 1   0 4 1 5 2 3 1 3    -16*w_4_76+16*w_4_73
3 4 1   0 4 2 5 1 3 1 5    16*w_4_73-16*w_4_75
3 4 1   0 4 1 5 1 6 2 5    16*w_4_74-16*w_4_62
3 4 1   0 4 1 5 2 4 1 3    -1/18-16*w_4_63+16*w_4_74
3 4 1   0 4 2 3 1 3 1 5    -16*w_4_91+16*w_4_74
3 4 1   0 4 1 5 2 3 1 4    -16*w_4_73+16*w_4_75
3 4 1   0 4 2 5 1 3 1 3    -16*w_4_76+16*w_4_75
3 4 1   0 4 1 5 2 6 1 4    -16*w_4_71+16*w_4_75
3 4 1   0 4 1 5 2 3 1 5    16*w_4_76-16*w_4_75
3 4 1   0 4 2 5 1 3 1 4    16*w_4_76-16*w_4_73
3 4 1   0 4 2 5 1 6 1 4    16*w_4_76-16*w_4_71
3 4 1   0 4 1 5 2 4 1 4    -16*w_4_60+16*w_4_83
3 4 1   0 4 2 3 1 3 1 3    -8*w_4_105+8*w_4_83
3 4 1   0 4 1 5 2 4 1 5    1/6-16*w_4_61+16*w_4_84
3 4 1   0 4 2 5 1 4 1 5    -16*w_4_61+16*w_4_84
3 4 1   0 4 1 5 2 6 1 5    1/6+16*w_4_91-16*w_4_62
3 4 1   0 4 2 5 1 4 1 3    -1/18+16*w_4_91-16*w_4_63
3 4 1   0 4 2 3 1 4 1 5    16*w_4_91-16*w_4_74
3 4 1   0 4 2 3 1 4 1 4    8*w_4_105-8*w_4_83
3 4 1   0 4 2 5 1 4 1 4    1/6-16*w_4_60+16*w_4_105
3 4 1   0 1 1 5 2 4 3 4    1/18+16*w_4_40
3 4 1   0 4 1 2 1 4 3 5    -1/9
3 4 1   0 1 1 2 3 4 3 5    -1/6
3 4 1   0 1 1 5 2 3 3 4    16*w_4_17
3 4 1   0 1 1 5 3 6 2 3    16*w_4_21
3 4 1   0 1 1 5 3 4 2 3    16*w_4_22
3 4 1   0 1 1 5 4 6 2 3    -16*w_4_23
3 4 1   0 1 1 5 2 6 3 4    16*w_4_41
3 4 1   0 1 1 5 3 6 2 4    16*w_4_41
3 4 1   0 1 1 5 3 4 2 4    16*w_4_42
3 4 1   0 1 1 5 3 4 2 5    16*w_4_46
3 4 1   0 1 1 5 3 6 2 5    16*w_4_46
# 2 1 1 
3 4 1   0 1 0 3 2 3 3 4    1/6-16*w_4_24
3 4 1   0 1 0 3 2 4 3 4    1/6-16*w_4_28
3 4 1   0 1 0 3 2 6 3 4    1/6-16*w_4_31
3 4 1   0 4 1 3 0 4 2 3    1/6-16*w_4_106+16*w_4_61
3 4 1   0 4 1 3 0 4 2 4    1/6+16*w_4_60-16*w_4_86
3 4 1   0 4 1 3 0 4 2 5    1/6-16*w_4_107+16*w_4_62
3 4 1   0 1 0 3 2 6 3 5    -1/18-16*w_4_32
3 4 1   0 1 0 3 2 6 4 5    -1/18-16*w_4_33
3 4 1   0 2 0 5 1 4 3 4    1/18+16*w_4_40-16*w_4_43
3 4 1   0 2 0 5 1 4 3 5    1/18+16*w_4_40+16*w_4_43
3 4 1   0 4 1 3 0 6 2 3    1/18+16*w_4_63-16*w_4_107
3 4 1   0 4 1 3 0 6 2 4    1/18-16*w_4_85+16*w_4_63
3 4 1   0 1 0 3 2 3 3 5    -1/9+16*w_4_24
3 4 1   0 1 0 3 2 3 4 5    -1/9-16*w_4_25
3 4 1   0 1 0 3 2 4 3 5    -1/9-16*w_4_29
3 4 1   0 1 0 3 2 4 4 5    -1/9-16*w_4_30
3 4 1   0 1 0 2 3 4 3 4    1/6-8*w_4_3
3 4 1   0 1 0 5 2 3 3 5    -1/3+16*w_4_28
3 4 1   0 1 0 2 3 4 4 5    -1/6+16*w_4_4
3 4 1   0 1 0 5 2 3 4 5    -1/6-16*w_4_30
3 4 1   0 1 0 5 2 4 3 5    -1/6+16*w_4_43
3 4 1   0 1 0 5 2 6 3 5    -1/6-16*w_4_45
3 4 1   0 2 0 3 1 3 3 4    -16*w_4_24+16*w_4_10
3 4 1   0 2 0 3 1 3 3 5    16*w_4_24+16*w_4_10
3 4 1   0 4 1 2 0 4 3 4    -1/3-16*w_4_10
3 4 1   0 2 0 3 1 4 3 4    16*w_4_16-16*w_4_28
3 4 1   0 2 0 5 1 3 3 5    16*w_4_16+16*w_4_28
3 4 1   0 4 0 5 1 2 4 5    -16*w_4_16
3 4 1   0 2 0 3 1 4 3 5    16*w_4_17-16*w_4_29
3 4 1   0 2 0 5 1 3 3 4    16*w_4_17+16*w_4_29
3 4 1   0 4 0 5 1 2 3 5    -1/6-16*w_4_17
3 4 1   0 2 0 3 1 4 4 5    16*w_4_18-16*w_4_30
3 4 1   0 2 0 5 1 3 4 5    -16*w_4_18-16*w_4_30
3 4 1   0 4 0 5 1 2 3 4    -1/6-16*w_4_18
3 4 1   0 2 0 3 1 6 3 4    16*w_4_21-16*w_4_31
3 4 1   0 2 0 5 3 6 1 3    16*w_4_21+16*w_4_31
3 4 1   0 4 1 2 0 6 3 4    -1/6-16*w_4_21
3 4 1   0 2 0 3 1 6 3 5    16*w_4_22-16*w_4_32
3 4 1   0 2 0 5 3 4 1 3    16*w_4_22+16*w_4_32
3 4 1   0 4 1 2 0 6 4 5    1/6+16*w_4_22
3 4 1   0 2 0 3 1 6 4 5    16*w_4_23-16*w_4_33
3 4 1   0 2 0 5 4 6 1 3    -16*w_4_23-16*w_4_33
3 4 1   0 4 1 2 0 6 3 5    16*w_4_23
3 4 1   0 4 0 3 1 2 3 5    -16*w_4_40
3 4 1   0 2 0 5 1 6 3 4    16*w_4_41-16*w_4_44
3 4 1   0 2 0 5 3 6 1 4    16*w_4_41+16*w_4_44
3 4 1   0 4 0 5 3 6 1 2    -16*w_4_41
3 4 1   0 2 0 5 1 6 3 5    16*w_4_42-16*w_4_45
3 4 1   0 2 0 5 3 4 1 4    16*w_4_42+16*w_4_45
3 4 1   0 4 0 5 4 6 1 2    -16*w_4_42
3 4 1   0 2 0 5 3 4 1 5    16*w_4_46-16*w_4_47
3 4 1   0 2 0 5 3 6 1 5    16*w_4_46+16*w_4_47
3 4 1   0 4 3 5 1 2 0 4    -1/6-16*w_4_46
3 4 1   0 4 0 3 1 3 2 3    16*w_4_60-16*w_4_64
3 4 1   0 4 0 5 1 4 2 4    16*w_4_60-16*w_4_86
3 4 1   0 4 0 3 1 3 2 4    16*w_4_61-16*w_4_65
3 4 1   0 4 0 5 1 4 2 5    16*w_4_61-16*w_4_87
3 4 1   0 4 0 3 1 3 2 5    -16*w_4_66+16*w_4_62
3 4 1   0 4 0 5 1 4 2 3    -16*w_4_85+16*w_4_62
3 4 1   0 4 0 3 1 6 2 3    -16*w_4_66+16*w_4_63
3 4 1   0 4 0 5 1 3 2 3    -16*w_4_77+16*w_4_71
3 4 1   0 4 0 5 1 3 2 4    16*w_4_71-16*w_4_78
3 4 1   0 4 0 5 1 3 2 5    16*w_4_71-16*w_4_79
3 4 1   0 4 0 5 1 6 2 3    -16*w_4_92+16*w_4_72
3 4 1   0 4 1 5 0 6 2 3    -16*w_4_118+16*w_4_72
3 4 1   0 4 0 5 2 6 1 3    -16*w_4_92+16*w_4_72
3 4 1   0 4 0 5 1 6 2 4    16*w_4_73-16*w_4_79
3 4 1   0 4 1 5 0 6 2 4    16*w_4_73-16*w_4_78
3 4 1   0 4 0 5 2 3 1 3    16*w_4_73-16*w_4_77
3 4 1   0 4 0 5 1 6 2 5    1/18-16*w_4_66+16*w_4_74
3 4 1   0 4 1 5 0 6 2 5    16*w_4_74-16*w_4_107
3 4 1   0 4 0 5 2 4 1 3    -16*w_4_85+16*w_4_74
3 4 1   0 4 0 5 2 3 1 4    -16*w_4_78+16*w_4_75
3 4 1   0 4 1 5 2 3 0 4    -16*w_4_77+16*w_4_75
3 4 1   0 4 0 5 2 6 1 4    16*w_4_75-16*w_4_79
3 4 1   0 4 0 5 2 3 1 5    16*w_4_76-16*w_4_79
3 4 1   0 4 1 5 2 3 0 5    16*w_4_76-16*w_4_78
3 4 1   0 4 2 5 1 3 0 4    16*w_4_76-16*w_4_77
3 4 1   0 4 0 5 2 4 1 4    16*w_4_83-16*w_4_86
3 4 1   0 4 1 5 2 4 0 4    1/12-8*w_4_64+8*w_4_83
3 4 1   0 4 0 5 2 4 1 5    16*w_4_84-16*w_4_87
3 4 1   0 4 1 5 2 4 0 5    1/6-16*w_4_65+16*w_4_84
3 4 1   0 4 2 3 0 4 1 3    -16*w_4_106+16*w_4_84
3 4 1   0 4 0 5 2 6 1 5    1/18-16*w_4_66+16*w_4_91
3 4 1   0 4 1 5 2 6 0 5    16*w_4_91-16*w_4_85
3 4 1   0 4 2 3 0 4 1 5    16*w_4_91-16*w_4_107
3 4 1   0 4 2 3 0 4 1 4    16*w_4_105-16*w_4_86
3 4 1   0 4 2 5 1 4 0 4    1/12+8*w_4_105-8*w_4_64
3 4 1   0 1 0 2 3 4 3 5    -16*w_4_4
3 4 1   0 1 0 2 3 6 4 5    -16*w_4_5
3 4 1   0 2 0 3 1 3 4 5    -16*w_4_25
3 4 1   0 1 0 5 2 3 3 4    16*w_4_29
3 4 1   0 1 0 5 3 6 2 3    16*w_4_31
3 4 1   0 1 0 5 3 4 2 3    16*w_4_32
3 4 1   0 1 0 5 4 6 2 3    -16*w_4_33
3 4 1   0 1 0 5 2 4 3 4    -16*w_4_43
3 4 1   0 1 0 5 2 6 3 4    -16*w_4_44
3 4 1   0 1 0 5 3 6 2 4    16*w_4_44
3 4 1   0 1 0 5 3 4 2 4    16*w_4_45
3 4 1   0 1 0 5 3 4 2 5    -16*w_4_47
3 4 1   0 1 0 5 3 6 2 5    16*w_4_47
# 1 1 2 
3 4 1   0 4 1 3 2 3 2 5    -1/18+16*w_4_66-16*w_4_91
3 4 1   0 4 1 3 2 4 2 5    -1/18+16*w_4_66-16*w_4_74
3 4 1   0 4 1 3 2 3 2 3    -1/12-8*w_4_105+8*w_4_64
3 4 1   0 4 1 3 2 3 2 4    -1/6+16*w_4_65-16*w_4_84
3 4 1   0 4 1 3 2 4 2 4    -1/12+8*w_4_64-8*w_4_83
3 4 1   0 1 2 3 2 3 3 4    1/3+16*w_4_10
3 4 1   0 1 2 3 2 4 4 5    1/6+16*w_4_18
3 4 1   0 1 2 5 3 4 2 5    1/6+16*w_4_46
3 4 1   0 1 2 3 2 6 3 5    1/6+16*w_4_22
3 4 1   0 1 2 3 2 6 3 4    1/6+16*w_4_21
3 4 1   0 1 2 3 2 4 3 5    1/6+16*w_4_17
3 4 1   0 2 1 2 3 4 3 4    -1/6+8*w_4_3
3 4 1   0 2 1 2 3 4 3 5    -1/6+16*w_4_4
3 4 1   0 2 1 2 3 4 4 5    -16*w_4_4
3 4 1   0 2 1 2 3 6 4 5    16*w_4_5
3 4 1   0 2 1 3 2 3 3 4    16*w_4_24+16*w_4_10
3 4 1   0 4 1 2 2 4 3 4    1/9-16*w_4_24
3 4 1   0 2 1 3 2 3 3 5    -16*w_4_24+16*w_4_10
3 4 1   0 4 1 2 2 4 4 5    1/6-16*w_4_24
3 4 1   0 2 1 3 2 3 4 5    16*w_4_25
3 4 1   0 4 1 2 2 4 3 5    1/9+16*w_4_25
3 4 1   0 2 1 3 2 4 3 4    16*w_4_16+16*w_4_28
3 4 1   0 4 1 2 2 3 3 4    1/3-16*w_4_28
3 4 1   0 2 1 5 2 3 3 5    16*w_4_16-16*w_4_28
3 4 1   0 4 2 5 1 2 4 5    -1/6+16*w_4_28
3 4 1   0 2 1 3 2 4 3 5    16*w_4_17+16*w_4_29
3 4 1   0 4 1 2 2 3 4 5    16*w_4_29
3 4 1   0 2 1 5 2 3 3 4    16*w_4_17-16*w_4_29
3 4 1   0 4 2 5 1 2 3 5    1/9+16*w_4_29
3 4 1   0 2 1 3 2 4 4 5    16*w_4_18+16*w_4_30
3 4 1   0 4 1 2 2 3 3 5    1/6+16*w_4_30
3 4 1   0 2 1 5 2 3 4 5    -16*w_4_18+16*w_4_30
3 4 1   0 4 2 5 1 2 3 4    1/9+16*w_4_30
3 4 1   0 2 1 3 2 6 3 4    16*w_4_21+16*w_4_31
3 4 1   0 4 1 2 2 6 3 4    -16*w_4_31
3 4 1   0 2 1 5 3 6 2 3    16*w_4_21-16*w_4_31
3 4 1   0 4 5 6 1 2 2 5    1/6-16*w_4_31
3 4 1   0 2 1 3 2 6 3 5    16*w_4_22+16*w_4_32
3 4 1   0 4 1 2 2 6 4 5    16*w_4_32
3 4 1   0 2 1 5 3 4 2 3    16*w_4_22-16*w_4_32
3 4 1   0 4 3 5 1 2 2 5    1/18+16*w_4_32
3 4 1   0 2 1 3 2 6 4 5    16*w_4_23+16*w_4_33
3 4 1   0 4 1 2 2 6 3 5    16*w_4_33
3 4 1   0 2 1 5 4 6 2 3    -16*w_4_23+16*w_4_33
3 4 1   0 4 3 5 2 6 1 2    1/18+16*w_4_33
3 4 1   0 2 1 5 2 4 3 4    1/18+16*w_4_40+16*w_4_43
3 4 1   0 4 2 3 1 2 3 5    1/6-16*w_4_43
3 4 1   0 2 1 5 2 4 3 5    1/18+16*w_4_40-16*w_4_43
3 4 1   0 4 2 3 1 2 4 5    16*w_4_43
3 4 1   0 2 1 5 2 6 3 4    16*w_4_41+16*w_4_44
3 4 1   0 4 2 5 3 6 1 2    -16*w_4_44
3 4 1   0 2 1 5 3 6 2 4    16*w_4_41-16*w_4_44
3 4 1   0 4 5 6 1 2 2 3    -16*w_4_44
3 4 1   0 2 1 5 2 6 3 5    16*w_4_42+16*w_4_45
3 4 1   0 4 2 5 4 6 1 2    -16*w_4_45
3 4 1   0 2 1 5 3 4 2 4    16*w_4_42-16*w_4_45
3 4 1   0 4 3 5 1 2 2 3    1/6+16*w_4_45
3 4 1   0 2 1 5 3 4 2 5    16*w_4_46+16*w_4_47
3 4 1   0 4 3 5 1 2 2 4    -16*w_4_47
3 4 1   0 2 1 5 3 6 2 5    16*w_4_46-16*w_4_47
3 4 1   0 4 5 6 1 2 2 4    -16*w_4_47
3 4 1   0 4 2 5 2 4 1 4    -16*w_4_60+16*w_4_64
3 4 1   0 4 2 5 2 4 1 5    -16*w_4_61+16*w_4_65
3 4 1   0 4 1 5 2 6 2 5    16*w_4_66-16*w_4_62
3 4 1   0 4 2 5 2 4 1 3    16*w_4_66-16*w_4_63
3 4 1   0 4 1 5 2 3 2 3    -16*w_4_76+16*w_4_77
3 4 1   0 4 2 5 1 3 2 5    16*w_4_77-16*w_4_75
3 4 1   0 4 2 5 2 3 1 4    -16*w_4_73+16*w_4_77
3 4 1   0 4 2 5 2 6 1 4    16*w_4_77-16*w_4_71
3 4 1   0 4 1 5 2 3 2 4    -16*w_4_73+16*w_4_78
3 4 1   0 4 2 5 1 3 2 3    -16*w_4_76+16*w_4_78
3 4 1   0 4 2 5 1 6 2 4    -16*w_4_71+16*w_4_78
3 4 1   0 4 2 5 2 3 1 5    16*w_4_78-16*w_4_75
3 4 1   0 4 1 5 2 3 2 5    -16*w_4_75+16*w_4_79
3 4 1   0 4 2 5 1 3 2 4    -16*w_4_73+16*w_4_79
3 4 1   0 4 1 5 2 6 2 4    -16*w_4_71+16*w_4_79
3 4 1   0 4 2 5 2 3 1 3    -16*w_4_76+16*w_4_79
3 4 1   0 4 1 5 2 4 2 3    -1/18+16*w_4_85-16*w_4_63
3 4 1   0 4 2 3 1 3 2 5    -16*w_4_91+16*w_4_85
3 4 1   0 4 2 3 1 6 2 4    16*w_4_85-16*w_4_74
3 4 1   0 4 2 5 2 6 1 5    16*w_4_85-16*w_4_62
3 4 1   0 4 1 5 2 4 2 4    -1/6-16*w_4_60+16*w_4_86
3 4 1   0 4 2 3 1 3 2 3    -16*w_4_105+16*w_4_86
3 4 1   0 4 2 3 1 4 2 4    -16*w_4_83+16*w_4_86
3 4 1   0 4 2 5 1 4 2 4    -16*w_4_60+16*w_4_86
3 4 1   0 4 1 5 2 4 2 5    -16*w_4_61+16*w_4_87
3 4 1   0 4 2 3 1 3 2 4    -16*w_4_84+16*w_4_87
3 4 1   0 4 1 5 2 6 2 3    16*w_4_92-16*w_4_72
3 4 1   0 4 2 5 2 6 1 3    16*w_4_92-16*w_4_72
3 4 1   0 4 2 3 1 4 2 3    16*w_4_106-16*w_4_84
3 4 1   0 4 2 5 1 4 2 5    -1/6+16*w_4_106-16*w_4_61
3 4 1   0 4 2 3 1 4 2 5    -16*w_4_74+16*w_4_107
3 4 1   0 4 2 5 1 4 2 3    -1/18-16*w_4_63+16*w_4_107
3 4 1   0 4 2 3 1 6 2 3    -16*w_4_91+16*w_4_107
3 4 1   0 4 2 5 1 6 2 5    -1/6+16*w_4_107-16*w_4_62
3 4 1   0 4 2 5 1 6 2 3    16*w_4_118-16*w_4_72
3 4 1   0 1 2 3 2 4 3 4    16*w_4_16
3 4 1   0 1 2 3 2 6 4 5    16*w_4_23
3 4 1   0 1 2 5 2 4 3 4    16*w_4_40
3 4 1   0 1 2 5 2 6 3 4    16*w_4_41
3 4 1   0 1 2 5 2 6 3 5    16*w_4_42
# 1 1 1 
3 4 1   0 4 1 3 2 3 3 4    1/6+16*w_4_108+16*w_4_67
3 4 1   0 4 1 3 2 4 3 4    1/6+16*w_4_90-16*w_4_67
3 4 1   0 4 1 3 2 6 3 4    1/6+16*w_4_111
3 4 1   0 4 1 3 2 6 3 5    1/36-16*w_4_113+16*w_4_70
3 4 1   0 4 1 3 2 6 4 5    1/36-16*w_4_112+16*w_4_70
3 4 1   0 4 1 3 2 3 3 5    1/18+16*w_4_68-16*w_4_110
3 4 1   0 4 1 3 2 3 4 5    1/18-16*w_4_109+16*w_4_69
3 4 1   0 4 1 3 2 4 3 5    1/18+16*w_4_89+16*w_4_69
3 4 1   0 4 1 3 2 4 4 5    1/18+16*w_4_68+16*w_4_88
3 4 1   0 1 2 5 3 4 4 5    1/6+16*w_4_50
3 4 1   0 1 2 3 3 4 3 4    -1/6+8*w_4_34
3 4 1   0 1 2 3 3 4 4 5    1/6+16*w_4_36
3 4 1   0 1 2 5 3 4 3 4    -1/6+16*w_4_48
3 4 1   0 2 1 3 3 4 3 4    16*w_4_34
3 4 1   0 4 1 2 3 4 3 4    -1/6+8*w_4_34
3 4 1   0 2 1 3 3 4 3 5    32*w_4_35
3 4 1   0 4 1 2 3 4 4 5    -16*w_4_35
3 4 1   0 2 1 3 3 4 4 5    32*w_4_36
3 4 1   0 4 1 2 3 4 3 5    -1/6-16*w_4_36
3 4 1   0 2 1 3 3 6 3 5    16*w_4_37
3 4 1   0 4 1 2 4 6 4 5    8*w_4_37
3 4 1   0 2 1 3 3 6 4 5    32*w_4_38
3 4 1   0 4 1 2 3 6 4 5    16*w_4_38
3 4 1   0 2 1 3 4 6 4 5    16*w_4_39
3 4 1   0 4 1 2 3 6 3 5    8*w_4_39
3 4 1   0 2 1 5 3 4 3 4    32*w_4_48
3 4 1   0 4 3 5 1 2 3 5    -1/6+16*w_4_48
3 4 1   0 2 1 5 3 4 3 5    32*w_4_49
3 4 1   0 4 3 5 1 2 4 5    16*w_4_49
3 4 1   0 2 1 5 3 4 4 5    32*w_4_50
3 4 1   0 4 3 5 1 2 3 4    -1/6-16*w_4_50
3 4 1   0 2 1 5 3 6 3 4    32*w_4_51
3 4 1   0 4 5 6 1 2 3 5    -16*w_4_51
3 4 1   0 2 1 5 3 6 3 5    32*w_4_52
3 4 1   0 4 5 6 1 2 4 5    -16*w_4_52
3 4 1   0 2 1 5 3 6 4 5    32*w_4_53
3 4 1   0 4 5 6 1 2 3 4    16*w_4_53
3 4 1   0 2 1 5 4 6 3 4    32*w_4_54
3 4 1   0 4 3 5 3 6 1 2    -16*w_4_54
3 4 1   0 2 1 5 4 6 3 5    32*w_4_55
3 4 1   0 4 3 5 4 6 1 2    -16*w_4_55
3 4 1   0 4 1 5 2 3 3 4    16*w_4_80+16*w_4_81
3 4 1   0 4 2 5 1 3 3 5    -16*w_4_80+16*w_4_82
3 4 1   0 4 1 5 2 3 3 5    16*w_4_81+16*w_4_82
3 4 1   0 4 2 5 1 3 4 5    -16*w_4_80-16*w_4_81
3 4 1   0 4 1 5 2 3 4 5    -16*w_4_80+16*w_4_82
3 4 1   0 4 2 5 1 3 3 4    16*w_4_81+16*w_4_82
3 4 1   0 4 1 5 2 4 3 4    1/18+16*w_4_68+16*w_4_88
3 4 1   0 4 2 3 1 3 3 5    -16*w_4_110-16*w_4_88
3 4 1   0 4 1 5 2 4 3 5    1/18+16*w_4_89+16*w_4_69
3 4 1   0 4 2 3 1 3 4 5    -16*w_4_89-16*w_4_109
3 4 1   0 4 1 5 2 4 4 5    1/6+16*w_4_90-16*w_4_67
3 4 1   0 4 2 3 1 3 3 4    16*w_4_108+16*w_4_90
3 4 1   0 4 1 5 2 6 3 4    16*w_4_99+16*w_4_93
3 4 1   0 4 2 5 3 6 1 3    -16*w_4_93+16*w_4_119
3 4 1   0 4 1 5 2 6 3 5    16*w_4_102+16*w_4_94
3 4 1   0 4 2 5 4 6 1 3    -16*w_4_94+16*w_4_120
3 4 1   0 4 1 5 2 6 4 5    16*w_4_95-16*w_4_96
3 4 1   0 4 2 5 3 4 1 3    16*w_4_95-16*w_4_121
3 4 1   0 4 1 5 3 4 2 3    -16*w_4_121+16*w_4_96
3 4 1   0 4 3 5 1 3 2 5    16*w_4_95-16*w_4_96
3 4 1   0 4 1 5 3 4 2 4    16*w_4_97+16*w_4_103
3 4 1   0 4 3 5 1 3 2 3    -16*w_4_97+16*w_4_122
3 4 1   0 4 1 5 3 4 2 5    16*w_4_98-16*w_4_124
3 4 1   0 4 3 5 1 3 2 4    16*w_4_123-16*w_4_98
3 4 1   0 4 1 5 3 6 2 3    16*w_4_99+16*w_4_119
3 4 1   0 4 5 6 1 3 2 5    16*w_4_99+16*w_4_93
3 4 1   0 4 1 5 3 6 2 4    32*w_4_100
3 4 1   0 4 5 6 1 3 2 3    16*w_4_100
3 4 1   0 4 1 5 3 6 2 5    -16*w_4_129+16*w_4_101
3 4 1   0 4 5 6 1 3 2 4    -16*w_4_128+16*w_4_101
3 4 1   0 4 1 5 4 6 2 3    16*w_4_102+16*w_4_120
3 4 1   0 4 3 5 2 6 1 3    16*w_4_102+16*w_4_94
3 4 1   0 4 1 5 4 6 2 4    16*w_4_97+16*w_4_103
3 4 1   0 4 3 5 2 3 1 3    16*w_4_103+16*w_4_122
3 4 1   0 4 1 5 4 6 2 5    -16*w_4_134+16*w_4_104
3 4 1   0 4 3 5 2 4 1 3    -16*w_4_133+16*w_4_104
3 4 1   0 4 2 3 1 4 3 4    16*w_4_108+16*w_4_90
3 4 1   0 4 2 5 1 4 4 5    -1/6-16*w_4_108-16*w_4_67
3 4 1   0 4 2 3 1 4 3 5    16*w_4_89+16*w_4_109
3 4 1   0 4 2 5 1 4 3 5    1/18-16*w_4_109+16*w_4_69
3 4 1   0 4 2 3 1 4 4 5    16*w_4_110+16*w_4_88
3 4 1   0 4 2 5 1 4 3 4    1/18+16*w_4_68-16*w_4_110
3 4 1   0 4 2 3 1 6 3 4    32*w_4_111
3 4 1   0 4 5 6 1 6 2 5    1/6+16*w_4_111
3 4 1   0 4 2 3 1 6 3 5    16*w_4_112-16*w_4_113
3 4 1   0 4 3 5 1 6 2 5    1/36-16*w_4_112+16*w_4_70
3 4 1   0 4 2 3 1 6 4 5    -16*w_4_112+16*w_4_113
3 4 1   0 4 3 5 2 6 1 5    1/36-16*w_4_113+16*w_4_70
3 4 1   0 4 2 5 1 6 3 4    16*w_4_99+16*w_4_119
3 4 1   0 4 5 6 1 6 2 3    -16*w_4_93+16*w_4_119
3 4 1   0 4 2 5 1 6 3 5    16*w_4_102+16*w_4_120
3 4 1   0 4 3 5 1 6 2 3    16*w_4_94-16*w_4_120
3 4 1   0 4 2 5 1 6 4 5    16*w_4_121-16*w_4_96
3 4 1   0 4 3 5 2 3 1 5    16*w_4_95-16*w_4_121
3 4 1   0 4 2 5 3 4 1 4    16*w_4_103+16*w_4_122
3 4 1   0 4 2 5 4 6 1 4    16*w_4_97-16*w_4_122
3 4 1   0 4 2 5 3 4 1 5    16*w_4_123-16*w_4_124
3 4 1   0 4 5 6 1 6 2 4    16*w_4_123-16*w_4_98
3 4 1   0 4 3 5 2 3 1 4    16*w_4_123-16*w_4_124
3 4 1   0 4 5 6 1 4 2 5    16*w_4_98-16*w_4_124
3 4 1   0 4 2 5 3 6 1 5    -16*w_4_129+16*w_4_128
3 4 1   0 4 3 5 1 6 2 4    -16*w_4_128+16*w_4_101
3 4 1   0 4 3 5 2 6 1 4    -16*w_4_129+16*w_4_101
3 4 1   0 4 5 6 1 4 2 3    -16*w_4_129+16*w_4_128
3 4 1   0 4 2 5 4 6 1 5    16*w_4_133-16*w_4_134
3 4 1   0 4 3 5 2 4 1 5    -16*w_4_133+16*w_4_104
3 4 1   0 4 3 5 1 4 2 3    -16*w_4_133+16*w_4_134
3 4 1   0 4 3 5 1 4 2 5    -16*w_4_134+16*w_4_104
3 4 1   0 4 3 5 2 4 1 4    32*w_4_138
3 4 1   0 4 5 6 1 4 2 4    16*w_4_138
3 4 1   0 1 2 3 3 4 3 5    16*w_4_35
3 4 1   0 1 2 3 3 6 3 5    8*w_4_37
3 4 1   0 1 2 3 3 6 4 5    16*w_4_38
3 4 1   0 1 2 3 4 6 4 5    8*w_4_39
3 4 1   0 1 2 5 3 4 3 5    16*w_4_49
3 4 1   0 1 2 5 3 6 3 4    16*w_4_51
3 4 1   0 1 2 5 3 6 3 5    16*w_4_52
3 4 1   0 1 2 5 3 6 4 5    16*w_4_53
3 4 1   0 1 2 5 4 6 3 4    16*w_4_54
3 4 1   0 1 2 5 4 6 3 5    16*w_4_55
3 4 1   0 4 2 5 3 6 1 4    16*w_4_100
3 4 1   0 4 3 5 1 4 2 4    16*w_4_138
