h^0:
h^1:
h^2:
# 1 1 1 
3 2 1   0 1 2 3    4*w_2_1-4*w_1_1^2
3 2 1   0 2 1 3    8*w_2_1
3 2 1   0 4 1 2    4*w_2_1-4*w_1_1^2
h^3:
# 1 2 2 
3 3 1   0 1 1 2 2 3    8*w_2_1*w_1_1-8*w_1_1^3
3 3 1   0 2 1 2 1 3    16*w_2_1*w_1_1
3 3 1   0 4 1 2 1 2    8*w_2_1*w_1_1-8*w_1_1^3
# 2 1 2 
3 3 1   0 1 0 2 2 3    8*w_2_1*w_1_1-8*w_1_1^3
3 3 1   0 2 0 2 1 3    16*w_2_1*w_1_1
3 3 1   0 2 0 5 1 2    8*w_2_1*w_1_1-8*w_1_1^3
# 2 2 1 
3 3 1   0 1 0 1 2 3    8*w_2_1*w_1_1-8*w_1_1^3
3 3 1   0 1 0 2 1 4    16*w_2_1*w_1_1
3 3 1   0 1 0 5 1 2    8*w_2_1*w_1_1-8*w_1_1^3
# 1 2 1 
3 3 1   0 1 1 3 2 3    8*w_2_1*w_1_1-8*w_3_1
3 3 1   0 1 1 3 2 4    -8*w_3_2+8*w_2_1*w_1_1
3 3 1   0 1 1 5 2 3    -8*w_3_2-8*w_2_1*w_1_1
3 3 1   0 4 1 2 1 4    -8*w_2_1*w_1_1+8*w_3_1
3 3 1   0 4 1 2 1 3    8*w_3_2+8*w_2_1*w_1_1
3 3 1   0 4 1 5 1 2    8*w_3_2-8*w_2_1*w_1_1
# 1 1 2 
3 3 1   0 1 2 3 2 4    -8*w_3_2+8*w_2_1*w_1_1
3 3 1   0 1 2 3 2 3    -4*w_3_1+4*w_1_1^3
3 3 1   0 2 1 3 2 3    8*w_3_3-8*w_3_1
3 3 1   0 4 1 2 2 4    8*w_3_3+8*w_2_1*w_1_1
3 3 1   0 2 1 3 2 4    -8*w_3_2+8*w_3_4
3 3 1   0 4 1 2 2 3    8*w_3_4+8*w_2_1*w_1_1
3 3 1   0 2 1 5 2 3    -8*w_3_2+8*w_3_4
3 3 1   0 4 2 5 1 2    8*w_3_4+8*w_2_1*w_1_1
3 3 1   0 2 1 2 3 4    -8*w_2_1*w_1_1
# 2 1 1 
3 3 1   0 1 0 3 2 3    -8*w_3_3-8*w_2_1*w_1_1
3 3 1   0 1 0 3 2 4    -8*w_3_4-8*w_2_1*w_1_1
3 3 1   0 1 0 2 3 4    8*w_2_1*w_1_1
3 3 1   0 1 0 5 2 3    -8*w_3_4-8*w_2_1*w_1_1
3 3 1   0 2 0 3 1 3    -8*w_3_3+8*w_3_1
3 3 1   0 4 1 2 0 4    4*w_3_1-4*w_1_1^3
3 3 1   0 2 0 3 1 4    8*w_3_2-8*w_3_4
3 3 1   0 2 0 5 1 3    8*w_3_2-8*w_3_4
3 3 1   0 4 0 5 1 2    8*w_3_2-8*w_2_1*w_1_1
# 1 1 1 
3 3 1   0 4 1 3 2 3    -8*w_2_2*w_1_1+8*w_3_11+8*w_3_8
3 3 1   0 4 1 3 2 4    8*w_3_10-8*w_2_2*w_1_1+8*w_3_8
3 3 1   0 1 2 5 3 4    8*w_2_2*w_1_1-8*w_3_6
3 3 1   0 1 2 3 3 4    -8*w_3_5-8*w_2_1*w_1_1
3 3 1   0 4 1 2 3 4    -8*w_3_5-8*w_2_1*w_1_1
3 3 1   0 4 3 5 1 2    8*w_2_2*w_1_1-8*w_3_6
3 3 1   0 4 1 5 2 3    16*w_3_9
3 3 1   0 4 2 5 1 3    16*w_3_9
3 3 1   0 4 1 5 2 4    8*w_3_10-8*w_2_2*w_1_1+8*w_3_8
3 3 1   0 4 2 3 1 3    8*w_3_10+8*w_3_11
3 3 1   0 4 2 3 1 4    8*w_3_10+8*w_3_11
3 3 1   0 4 2 5 1 4    -8*w_2_2*w_1_1+8*w_3_11+8*w_3_8
