h^2:
h^3:
h^4:
3 4 1   0 1 0 3 2 6 3 4    -96
3 4 1   0 1 0 3 2 6 4 5    -96
3 4 1   0 2 0 5 1 4 3 4    -96
3 4 1   0 2 0 5 1 4 3 5    96
3 4 1   0 1 0 3 2 3 4 5    -192
3 4 1   0 1 0 3 2 4 3 5    144
3 4 1   0 1 0 3 2 4 4 5    -96
3 4 1   0 1 0 5 2 3 4 5    -96
3 4 1   0 1 0 5 2 4 3 5    96
3 4 1   0 2 0 3 1 4 3 5    144
3 4 1   0 2 0 5 1 3 3 4    -144
3 4 1   0 2 0 3 1 4 4 5    -96
3 4 1   0 2 0 5 1 3 4 5    -96
3 4 1   0 2 0 3 1 6 3 4    -96
3 4 1   0 2 0 5 3 6 1 3    96
3 4 1   0 2 0 3 1 6 4 5    -96
3 4 1   0 2 0 5 4 6 1 3    -96
3 4 1   0 2 0 5 1 6 3 4    -240
3 4 1   0 2 0 5 3 6 1 4    240
3 4 1   0 2 0 5 3 4 1 5    -96
3 4 1   0 2 0 5 3 6 1 5    96
3 4 1   0 4 0 5 1 6 2 3    -96
3 4 1   0 4 1 5 0 6 2 3    192
3 4 1   0 4 0 5 2 6 1 3    -96
3 4 1   0 4 1 5 0 6 2 4    48
3 4 1   0 4 0 5 2 3 1 3    -48
3 4 1   0 4 0 5 2 3 1 4    48
3 4 1   0 4 1 5 2 3 0 4    -48
3 4 1   0 4 1 5 2 3 0 5    48
3 4 1   0 4 2 5 1 3 0 4    -48
3 4 1   0 2 0 3 1 3 4 5    -192
3 4 1   0 1 0 5 2 3 3 4    -144
3 4 1   0 1 0 5 3 6 2 3    96
3 4 1   0 1 0 5 4 6 2 3    -96
3 4 1   0 1 0 5 2 4 3 4    -96
3 4 1   0 1 0 5 2 6 3 4    -240
3 4 1   0 1 0 5 3 6 2 4    240
3 4 1   0 1 0 5 3 4 2 5    -96
3 4 1   0 1 0 5 3 6 2 5    96
3 4 1   0 4 0 5 1 3 2 3    -48
3 4 1   0 4 0 5 1 3 2 4    48
3 4 1   0 2 1 3 2 3 4 5    192
3 4 1   0 4 1 2 2 4 3 5    192
3 4 1   0 2 1 3 2 4 3 5    -144
3 4 1   0 4 1 2 2 3 4 5    -144
3 4 1   0 2 1 5 2 3 3 4    144
3 4 1   0 4 2 5 1 2 3 5    -144
3 4 1   0 2 1 3 2 4 4 5    96
3 4 1   0 4 1 2 2 3 3 5    96
3 4 1   0 2 1 5 2 3 4 5    96
3 4 1   0 4 2 5 1 2 3 4    96
3 4 1   0 2 1 3 2 6 3 4    96
3 4 1   0 4 1 2 2 6 3 4    -96
3 4 1   0 2 1 5 3 6 2 3    -96
3 4 1   0 4 5 6 1 2 2 5    -96
3 4 1   0 2 1 3 2 6 4 5    96
3 4 1   0 4 1 2 2 6 3 5    96
3 4 1   0 2 1 5 4 6 2 3    96
3 4 1   0 4 3 5 2 6 1 2    96
3 4 1   0 2 1 5 2 4 3 4    96
3 4 1   0 4 2 3 1 2 3 5    -96
3 4 1   0 2 1 5 2 4 3 5    -96
3 4 1   0 4 2 3 1 2 4 5    96
3 4 1   0 2 1 5 2 6 3 4    240
3 4 1   0 4 2 5 3 6 1 2    -240
3 4 1   0 2 1 5 3 6 2 4    -240
3 4 1   0 4 5 6 1 2 2 3    -240
3 4 1   0 2 1 5 3 4 2 5    96
3 4 1   0 4 3 5 1 2 2 4    -96
3 4 1   0 2 1 5 3 6 2 5    -96
3 4 1   0 4 5 6 1 2 2 4    -96
3 4 1   0 4 1 5 2 3 2 3    48
3 4 1   0 4 2 5 1 3 2 5    48
3 4 1   0 4 2 5 2 3 1 4    48
3 4 1   0 4 2 5 2 6 1 4    48
3 4 1   0 4 1 5 2 3 2 4    -48
3 4 1   0 4 2 5 1 3 2 3    -48
3 4 1   0 4 2 5 1 6 2 4    -48
3 4 1   0 4 2 5 2 3 1 5    -48
3 4 1   0 4 1 5 2 6 2 3    96
3 4 1   0 4 2 5 2 6 1 3    96
3 4 1   0 4 2 5 1 6 2 3    -192
3 4 1   0 4 1 3 2 6 3 4    -32
3 4 1   0 4 1 3 2 6 3 5    32
3 4 1   0 4 1 3 2 6 4 5    64
3 4 1   0 4 1 3 2 3 3 5    32
3 4 1   0 4 1 3 2 4 3 5    48
3 4 1   0 4 1 3 2 4 4 5    64
3 4 1   0 1 2 5 3 4 3 4    -16
3 4 1   0 2 1 3 3 4 3 5    -32
3 4 1   0 4 1 2 3 4 4 5    16
3 4 1   0 2 1 3 3 6 4 5    32
3 4 1   0 4 1 2 3 6 4 5    16
3 4 1   0 2 1 5 3 4 3 4    -32
3 4 1   0 4 3 5 1 2 3 5    -16
3 4 1   0 2 1 5 3 6 3 4    -32
3 4 1   0 4 5 6 1 2 3 5    16
3 4 1   0 2 1 5 3 6 4 5    32
3 4 1   0 4 5 6 1 2 3 4    16
3 4 1   0 2 1 5 4 6 3 4    32
3 4 1   0 4 3 5 3 6 1 2    -16
3 4 1   0 4 1 5 2 3 3 4    32
3 4 1   0 4 2 5 1 3 3 5    -16
3 4 1   0 4 1 5 2 3 3 5    16
3 4 1   0 4 2 5 1 3 4 5    -32
3 4 1   0 4 1 5 2 3 4 5    -16
3 4 1   0 4 2 5 1 3 3 4    16
3 4 1   0 4 1 5 2 4 3 4    64
3 4 1   0 4 2 3 1 3 3 5    -32
3 4 1   0 4 1 5 2 4 3 5    48
3 4 1   0 4 2 3 1 3 4 5    -48
3 4 1   0 4 1 5 2 6 3 4    32
3 4 1   0 4 2 5 3 6 1 3    -16
3 4 1   0 4 1 5 2 6 3 5    16
3 4 1   0 4 2 5 4 6 1 3    16
3 4 1   0 4 1 5 2 6 4 5    16
3 4 1   0 4 2 5 3 4 1 3    -16
3 4 1   0 4 1 5 3 6 2 3    16
3 4 1   0 4 5 6 1 3 2 5    32
3 4 1   0 4 1 5 3 6 2 5    -32
3 4 1   0 4 5 6 1 3 2 4    32
3 4 1   0 4 1 5 4 6 2 3    32
3 4 1   0 4 3 5 2 6 1 3    16
3 4 1   0 4 1 5 4 6 2 4    16
3 4 1   0 4 3 5 2 3 1 3    -16
3 4 1   0 4 2 3 1 4 3 5    48
3 4 1   0 4 2 3 1 4 4 5    32
3 4 1   0 4 2 5 1 4 3 4    32
3 4 1   0 4 2 3 1 6 3 4    -64
3 4 1   0 4 5 6 1 6 2 5    -32
3 4 1   0 4 2 3 1 6 3 5    -32
3 4 1   0 4 3 5 1 6 2 5    64
3 4 1   0 4 2 3 1 6 4 5    32
3 4 1   0 4 3 5 2 6 1 5    32
3 4 1   0 4 2 5 1 6 3 4    16
3 4 1   0 4 5 6 1 6 2 3    -16
3 4 1   0 4 2 5 1 6 3 5    32
3 4 1   0 4 3 5 1 6 2 3    -16
3 4 1   0 4 2 5 1 6 4 5    32
3 4 1   0 4 3 5 2 3 1 5    -16
3 4 1   0 4 2 5 3 4 1 4    -16
3 4 1   0 4 2 5 4 6 1 4    32
3 4 1   0 4 2 5 3 4 1 5    -32
3 4 1   0 4 5 6 1 6 2 4    -16
3 4 1   0 4 3 5 2 3 1 4    -32
3 4 1   0 4 5 6 1 4 2 5    -16
3 4 1   0 4 2 5 3 6 1 5    -64
3 4 1   0 4 3 5 1 6 2 4    32
3 4 1   0 4 3 5 2 6 1 4    -32
3 4 1   0 4 5 6 1 4 2 3    -64
3 4 1   0 4 3 5 2 4 1 4    -64
3 4 1   0 4 5 6 1 4 2 4    -32
3 4 1   0 1 2 3 3 4 3 5    -16
3 4 1   0 1 2 3 3 6 4 5    16
3 4 1   0 1 2 5 3 6 3 4    -16
3 4 1   0 1 2 5 3 6 4 5    16
3 4 1   0 1 2 5 4 6 3 4    16
3 4 1   0 4 3 5 1 3 2 5    16
3 4 1   0 4 1 5 3 4 2 4    16
3 4 1   0 4 1 5 3 4 2 3    -32
3 4 1   0 4 3 5 1 3 2 3    -32
3 4 1   0 4 3 5 1 3 2 4    -16
3 4 1   0 4 1 5 3 4 2 5    -16
3 4 1   0 4 3 5 1 4 2 4    -32
