h^0:
h^1:
h^2:
# 1 1 1 
3 2 1   0 1 2 3    -2/3
3 2 1   0 2 1 3    2/3
3 2 1   0 4 1 2    -2/3
h^3:
# 1 2 2 
3 3 1   0 1 1 2 2 3    -2/3
3 3 1   0 2 1 2 1 3    2/3
3 3 1   0 4 1 2 1 2    -2/3
# 2 1 2 
3 3 1   0 1 0 2 2 3    -2/3
3 3 1   0 2 0 2 1 3    2/3
3 3 1   0 2 0 5 1 2    -2/3
# 2 2 1 
3 3 1   0 1 0 1 2 3    -2/3
3 3 1   0 1 0 2 1 4    2/3
3 3 1   0 1 0 5 1 2    -2/3
# 1 2 1 
3 3 1   0 1 1 3 2 4    1/3
3 3 1   0 1 1 5 2 3    -1/3
3 3 1   0 4 1 5 1 2    -1/3
3 3 1   0 4 1 2 1 3    1/3
# 1 1 1 
3 3 1   0 4 1 3 2 4    1/6
3 3 1   0 1 2 5 3 4    -1/6
3 3 1   0 1 2 3 3 4    -1/6
3 3 1   0 4 1 2 3 4    -1/6
3 3 1   0 4 2 3 1 4    -1/6
3 3 1   0 4 1 5 2 4    1/6
3 3 1   0 4 3 5 1 2    -1/6
3 3 1   0 4 2 3 1 3    -1/6
# 1 1 2 
3 3 1   0 1 2 3 2 4    1/3
3 3 1   0 1 2 3 2 3    1/3
3 3 1   0 2 1 3 2 4    -1/6
3 3 1   0 4 1 2 2 3    1/6
3 3 1   0 2 1 5 2 3    -1/6
3 3 1   0 4 2 5 1 2    1/6
3 3 1   0 4 1 2 2 4    1/3
3 3 1   0 2 1 2 3 4    -1/3
3 3 1   0 2 1 3 2 3    -1/3
# 2 1 1 
3 3 1   0 1 0 3 2 3    -1/3
3 3 1   0 1 0 3 2 4    -1/6
3 3 1   0 1 0 2 3 4    1/3
3 3 1   0 1 0 5 2 3    -1/6
3 3 1   0 2 0 3 1 3    1/3
3 3 1   0 4 1 2 0 4    -1/3
3 3 1   0 4 0 5 1 2    -1/3
3 3 1   0 2 0 3 1 4    1/6
3 3 1   0 2 0 5 1 3    1/6
h^4:
# 3 3 1 
3 4 1   0 1 0 1 0 1 2 3    -1/3
3 4 1   0 1 0 1 0 2 1 5    1/3
3 4 1   0 1 0 1 0 6 1 2    -1/3
# 3 2 2 
3 4 1   0 1 0 1 0 2 2 3    -2/3
3 4 1   0 1 0 2 0 2 1 4    2/3
3 4 1   0 1 0 2 0 6 1 2    -2/3
# 3 1 3 
3 4 1   0 1 0 2 0 2 2 3    -1/3
3 4 1   0 2 0 2 0 2 1 3    1/3
3 4 1   0 2 0 2 0 6 1 2    -1/3
# 2 3 2 
3 4 1   0 1 0 1 1 2 2 3    -2/3
3 4 1   0 1 0 2 1 2 1 4    2/3
3 4 1   0 1 0 5 1 2 1 2    -2/3
# 1 3 3 
3 4 1   0 1 1 2 1 2 2 3    -1/3
3 4 1   0 2 1 2 1 2 1 3    1/3
3 4 1   0 4 1 2 1 2 1 2    -1/3
# 2 2 3 
3 4 1   0 1 0 2 1 2 2 3    -2/3
3 4 1   0 2 0 2 1 2 1 3    2/3
3 4 1   0 2 0 5 1 2 1 2    -2/3
# 1 3 2 
3 4 1   0 1 1 2 1 3 2 5    1/3
3 4 1   0 1 1 2 1 4 2 3    -2/9
3 4 1   0 1 1 2 1 6 2 3    -1/3
3 4 1   0 2 1 2 1 3 1 4    2/9
3 4 1   0 4 1 2 1 2 1 5    -2/9
3 4 1   0 4 1 5 1 2 1 2    -1/3
3 4 1   0 4 1 2 1 2 1 3    1/3
# 2 3 1 
3 4 1   0 1 0 1 1 3 2 4    2/9
3 4 1   0 1 0 1 1 3 2 5    1/3
3 4 1   0 1 0 2 1 3 1 4    -2/9
3 4 1   0 1 0 5 1 2 1 3    2/9
3 4 1   0 1 0 1 1 6 2 3    -1/3
3 4 1   0 1 0 5 1 6 1 2    -1/3
3 4 1   0 1 0 5 1 2 1 4    1/3
# 2 1 3 
3 4 1   0 1 0 2 2 3 2 4    2/9
3 4 1   0 1 0 2 2 3 2 5    1/3
3 4 1   0 1 0 2 2 3 2 3    1/3
3 4 1   0 2 0 2 1 3 2 5    -1/6
3 4 1   0 2 0 5 1 2 2 4    1/6
3 4 1   0 2 0 2 1 6 2 3    -1/6
3 4 1   0 2 0 5 2 6 1 2    1/6
3 4 1   0 2 0 2 1 3 2 4    -2/9
3 4 1   0 2 0 5 1 2 2 3    2/9
3 4 1   0 2 0 5 1 2 2 5    1/3
3 4 1   0 2 0 2 1 2 3 5    -1/3
3 4 1   0 2 0 2 1 3 2 3    -1/3
# 3 2 1 
3 4 1   0 1 0 1 0 3 2 3    -1/3
3 4 1   0 1 0 1 0 3 2 4    -2/9
3 4 1   0 1 0 1 0 3 2 5    -1/6
3 4 1   0 1 0 2 0 3 1 4    2/9
3 4 1   0 1 0 3 0 6 1 2    -2/9
3 4 1   0 1 0 1 0 2 3 5    1/3
3 4 1   0 1 0 1 0 6 2 3    -1/6
3 4 1   0 1 0 2 0 4 1 4    1/3
3 4 1   0 1 0 5 1 2 0 5    -1/3
3 4 1   0 1 0 5 0 6 1 2    -1/3
3 4 1   0 1 0 2 0 4 1 5    1/6
3 4 1   0 1 0 2 0 6 1 4    1/6
# 3 1 2 
3 4 1   0 1 0 2 0 3 2 3    -1/3
3 4 1   0 1 0 2 0 3 2 5    -1/6
3 4 1   0 1 0 2 0 2 3 4    1/3
3 4 1   0 1 0 2 0 4 2 3    -2/9
3 4 1   0 1 0 2 0 6 2 3    -1/6
3 4 1   0 2 0 2 0 3 1 3    1/3
3 4 1   0 2 0 5 1 2 0 5    -1/3
3 4 1   0 2 0 2 0 3 1 4    2/9
3 4 1   0 2 0 3 0 6 1 2    -2/9
3 4 1   0 2 0 5 0 6 1 2    -1/3
3 4 1   0 2 0 2 0 3 1 5    1/6
3 4 1   0 2 0 2 0 6 1 3    1/6
# 1 2 3 
3 4 1   0 1 1 2 2 3 2 4    2/9
3 4 1   0 1 1 2 2 3 2 5    1/3
3 4 1   0 1 1 2 2 3 2 3    1/3
3 4 1   0 2 1 2 1 3 2 5    -1/6
3 4 1   0 4 1 2 1 2 2 3    1/6
3 4 1   0 2 1 2 1 6 2 3    -1/6
3 4 1   0 4 2 5 1 2 1 2    1/6
3 4 1   0 2 1 2 1 3 2 4    -2/9
3 4 1   0 4 1 2 1 2 2 5    2/9
3 4 1   0 4 1 2 1 2 2 4    1/3
3 4 1   0 2 1 2 1 2 3 4    -1/3
3 4 1   0 2 1 2 1 3 2 3    -1/3
# 2 2 2 
3 4 1   0 1 0 1 2 3 2 5    1/3
3 4 1   0 1 0 2 1 3 2 5    1/3
3 4 1   0 1 0 3 1 2 2 3    -1/3
3 4 1   0 1 0 3 1 2 2 4    -1/6
3 4 1   0 1 0 1 2 3 2 3    1/3
3 4 1   0 1 0 1 2 3 2 4    4/9
3 4 1   0 1 0 2 1 2 3 4    1/3
3 4 1   0 1 0 2 1 4 2 3    -4/9
3 4 1   0 1 0 2 1 6 2 3    -1/3
3 4 1   0 1 0 5 2 3 1 2    -1/6
3 4 1   0 1 0 2 1 4 2 5    -1/6
3 4 1   0 1 0 5 1 2 2 4    1/6
3 4 1   0 1 0 2 1 6 2 4    -1/6
3 4 1   0 1 0 5 2 6 1 2    1/6
3 4 1   0 2 0 3 1 2 1 3    1/3
3 4 1   0 4 1 2 0 4 1 2    -1/3
3 4 1   0 2 0 5 1 2 1 3    4/9
3 4 1   0 4 1 2 0 6 1 2    -4/9
3 4 1   0 4 0 5 1 2 1 2    -1/3
3 4 1   0 1 0 5 1 2 2 5    1/3
3 4 1   0 2 0 5 1 6 1 2    -1/3
3 4 1   0 1 0 2 1 2 4 5    -1/3
3 4 1   0 2 0 5 1 2 1 4    1/3
3 4 1   0 2 0 3 1 2 1 4    1/6
3 4 1   0 2 0 5 1 3 1 2    1/6
3 4 1   0 1 0 2 1 4 2 4    -1/3
# 1 3 1 
3 4 1   0 1 1 3 1 3 2 3    -1/15
3 4 1   0 1 1 3 1 3 2 4    -13/45
3 4 1   0 1 1 2 1 3 3 4    2/9
3 4 1   0 1 1 2 1 3 4 5    1/9
3 4 1   0 1 1 3 1 6 2 3    7/45
3 4 1   0 1 1 3 1 6 2 4    4/45
3 4 1   0 1 1 2 1 4 3 4    2/9
3 4 1   0 1 1 5 2 3 1 5    -2/15
3 4 1   0 2 1 3 1 3 1 3    1/15
3 4 1   0 4 1 2 1 4 1 4    -1/15
3 4 1   0 2 1 3 1 3 1 4    4/45
3 4 1   0 4 1 2 1 3 1 4    7/45
3 4 1   0 4 1 2 1 4 1 5    2/45
3 4 1   0 4 1 5 1 2 1 5    -13/45
3 4 1   0 2 1 3 1 4 1 4    1/15
3 4 1   0 4 1 2 1 3 1 3    -2/15
3 4 1   0 4 1 5 1 2 1 4    1/15
3 4 1   0 2 1 3 1 4 1 5    -2/45
3 4 1   0 4 1 2 1 3 1 5    -1/45
3 4 1   0 4 1 5 1 2 1 3    4/45
3 4 1   0 4 1 5 1 6 1 2    -1/45
3 4 1   0 1 1 2 1 4 3 5    -1/9
3 4 1   0 1 1 3 1 4 2 3    2/45
3 4 1   0 1 1 3 1 4 2 4    1/15
3 4 1   0 1 1 3 1 4 2 5    -1/45
3 4 1   0 1 1 5 1 6 2 3    -1/45
# 3 1 1 
3 4 1   0 1 0 3 0 3 2 3    -2/15
3 4 1   0 1 0 3 0 3 2 4    -17/90
3 4 1   0 1 0 2 0 3 3 4    2/9
3 4 1   0 1 0 2 0 3 4 5    -1/18
3 4 1   0 1 0 3 0 6 2 3    -7/90
3 4 1   0 1 0 3 0 6 2 4    -2/45
3 4 1   0 1 0 2 0 4 3 4    2/9
3 4 1   0 1 0 5 2 3 0 5    -1/10
3 4 1   0 2 0 3 0 3 1 3    2/15
3 4 1   0 4 1 2 0 4 0 4    -2/15
3 4 1   0 2 0 3 0 3 1 4    17/90
3 4 1   0 2 0 3 0 4 1 3    1/45
3 4 1   0 2 0 3 0 6 1 3    7/90
3 4 1   0 4 0 5 1 2 0 5    -13/45
3 4 1   0 2 0 3 0 4 1 4    1/30
3 4 1   0 2 0 5 1 3 0 5    1/10
3 4 1   0 4 0 5 1 2 0 4    -2/15
3 4 1   0 2 0 3 0 4 1 5    -1/90
3 4 1   0 2 0 3 0 6 1 4    2/45
3 4 1   0 2 0 5 0 6 1 3    -1/90
3 4 1   0 4 0 5 0 6 1 2    -1/45
3 4 1   0 1 0 2 0 4 3 5    1/18
3 4 1   0 1 0 3 0 4 2 3    -1/45
3 4 1   0 1 0 3 0 4 2 4    -1/30
3 4 1   0 1 0 3 0 4 2 5    1/90
3 4 1   0 1 0 5 0 6 2 3    1/90
# 1 1 3 
3 4 1   0 1 2 3 2 3 2 4    -13/45
3 4 1   0 1 2 3 2 3 2 3    -2/15
3 4 1   0 1 2 3 2 4 2 4    -2/15
3 4 1   0 2 1 2 2 3 3 4    2/9
3 4 1   0 2 1 2 2 4 3 4    2/9
3 4 1   0 2 1 2 2 3 4 5    -1/18
3 4 1   0 2 1 2 2 4 3 5    1/18
3 4 1   0 2 1 3 2 3 2 3    2/15
3 4 1   0 4 1 2 2 4 2 4    -2/15
3 4 1   0 2 1 5 2 3 2 3    17/90
3 4 1   0 4 2 5 1 2 2 5    -17/90
3 4 1   0 2 1 3 2 3 2 5    1/45
3 4 1   0 4 1 2 2 4 2 5    -1/45
3 4 1   0 2 1 5 2 3 2 5    1/30
3 4 1   0 4 2 5 1 2 2 4    -1/30
3 4 1   0 2 1 5 2 6 2 3    -1/90
3 4 1   0 4 2 5 2 6 1 2    1/90
3 4 1   0 2 1 3 2 3 2 4    7/90
3 4 1   0 4 1 2 2 3 2 4    -7/90
3 4 1   0 2 1 5 2 3 2 4    2/45
3 4 1   0 4 2 5 1 2 2 3    -2/45
3 4 1   0 2 1 3 2 4 2 4    1/10
3 4 1   0 4 1 2 2 3 2 3    -1/10
3 4 1   0 2 1 3 2 4 2 5    -1/90
3 4 1   0 4 1 2 2 3 2 5    1/90
3 4 1   0 1 2 3 2 4 2 5    -1/45
# 2 2 1 
3 4 1   0 1 0 5 1 4 2 3    1/9
3 4 1   0 1 0 5 1 4 2 5    1/6
3 4 1   0 1 0 3 1 4 2 3    2/15
3 4 1   0 1 0 3 1 4 2 4    1/30
3 4 1   0 1 0 3 1 4 2 5    7/45
3 4 1   0 1 0 5 1 3 2 3    1/45
3 4 1   0 1 0 5 1 3 2 4    1/10
3 4 1   0 1 0 5 1 3 2 5    1/5
3 4 1   0 1 0 1 2 6 3 5    -1/6
3 4 1   0 2 0 5 1 4 1 3    -1/9
3 4 1   0 4 1 2 0 6 1 5    1/9
3 4 1   0 1 0 2 1 3 4 5    1/6
3 4 1   0 1 0 5 2 3 1 3    -1/30
3 4 1   0 1 0 5 2 6 1 3    1/10
3 4 1   0 1 0 3 1 2 3 5    1/9
3 4 1   0 1 0 3 1 2 4 5    -1/18
3 4 1   0 1 0 3 1 6 2 3    -4/45
3 4 1   0 1 0 3 1 6 2 4    -11/90
3 4 1   0 1 0 1 2 3 3 5    -1/6
3 4 1   0 1 0 1 2 3 4 5    -5/18
3 4 1   0 1 0 2 1 4 3 4    2/9
3 4 1   0 1 0 5 2 3 1 5    -3/10
3 4 1   0 1 0 5 1 2 4 5    -1/6
3 4 1   0 1 0 5 2 4 1 5    -1/6
3 4 1   0 2 0 3 1 3 1 3    1/15
3 4 1   0 4 1 2 0 4 1 4    -1/15
3 4 1   0 2 0 3 1 3 1 4    1/90
3 4 1   0 2 0 3 1 3 1 5    1/15
3 4 1   0 2 0 5 1 3 1 3    -1/10
3 4 1   0 4 1 2 0 4 1 3    17/45
3 4 1   0 4 0 5 1 2 1 5    -1/15
3 4 1   0 4 1 2 0 6 1 4    -13/45
3 4 1   0 2 0 3 1 4 1 4    -1/30
3 4 1   0 2 0 5 1 3 1 5    1/10
3 4 1   0 4 0 5 1 2 1 4    1/15
3 4 1   0 4 1 5 1 2 0 4    -2/15
3 4 1   0 2 0 3 1 4 1 5    -1/30
3 4 1   0 2 0 5 1 3 1 4    -4/45
3 4 1   0 2 0 5 1 6 1 3    -1/30
3 4 1   0 4 0 5 1 2 1 3    13/90
3 4 1   0 4 1 2 0 6 1 3    13/90
3 4 1   0 4 0 5 1 6 1 2    -2/15
3 4 1   0 1 0 5 1 6 2 5    1/6
3 4 1   0 1 0 5 4 6 1 2    -1/6
3 4 1   0 1 0 5 3 6 1 2    -1/6
3 4 1   0 1 0 5 2 4 1 4    -1/6
3 4 1   0 1 0 1 2 3 3 4    1/9
3 4 1   0 1 0 2 1 4 3 5    1/18
3 4 1   0 1 0 3 1 3 2 3    -1/15
3 4 1   0 1 0 3 1 3 2 5    1/45
3 4 1   0 1 0 5 1 6 2 3    -1/90
3 4 1   0 1 0 3 1 3 2 4    -1/30
3 4 1   0 1 0 5 2 3 1 4    -1/15
# 1 2 2 
3 4 1   0 1 1 3 2 3 2 5    -1/15
3 4 1   0 1 1 3 2 4 2 5    -2/15
3 4 1   0 4 1 3 1 2 2 4    1/6
3 4 1   0 1 1 3 2 3 2 3    -1/15
3 4 1   0 1 1 3 2 3 2 4    -13/45
3 4 1   0 1 1 3 2 4 2 4    -2/15
3 4 1   0 1 1 2 2 3 3 5    -1/6
3 4 1   0 1 1 5 2 3 2 3    17/45
3 4 1   0 1 1 2 2 6 3 5    -1/6
3 4 1   0 1 1 5 2 4 2 3    1/9
3 4 1   0 1 1 2 2 6 3 4    -1/6
3 4 1   0 1 1 5 2 3 2 4    13/90
3 4 1   0 1 1 2 2 4 3 5    -1/18
3 4 1   0 1 1 5 2 6 2 3    13/90
3 4 1   0 4 1 2 1 2 3 4    -1/6
3 4 1   0 4 2 3 1 2 1 4    -1/6
3 4 1   0 2 1 3 1 6 2 5    -1/9
3 4 1   0 4 1 2 1 6 2 5    1/9
3 4 1   0 2 1 2 1 3 3 4    2/9
3 4 1   0 4 1 2 1 2 4 5    -1/9
3 4 1   0 2 1 2 1 3 4 5    -1/18
3 4 1   0 2 1 2 1 4 3 5    -1/6
3 4 1   0 4 1 2 1 2 3 5    -5/18
3 4 1   0 2 1 3 1 3 2 3    1/15
3 4 1   0 4 1 2 1 4 2 4    -1/15
3 4 1   0 2 1 3 1 3 2 4    -1/10
3 4 1   0 4 1 2 1 4 2 3    -1/30
3 4 1   0 4 1 2 1 4 2 5    1/45
3 4 1   0 2 1 3 1 4 2 3    1/15
3 4 1   0 4 1 2 1 3 2 4    -4/45
3 4 1   0 4 1 5 1 2 2 5    1/45
3 4 1   0 2 1 3 1 4 2 4    1/10
3 4 1   0 4 1 2 1 3 2 3    -3/10
3 4 1   0 4 1 5 1 2 2 4    1/5
3 4 1   0 2 1 3 1 4 2 5    -1/30
3 4 1   0 4 1 2 1 3 2 5    -1/90
3 4 1   0 4 1 5 1 2 2 3    1/10
3 4 1   0 2 1 3 1 6 2 3    1/90
3 4 1   0 4 1 2 1 6 2 4    2/15
3 4 1   0 4 2 5 1 2 1 5    -1/30
3 4 1   0 2 1 3 1 6 2 4    -4/45
3 4 1   0 4 1 2 1 6 2 3    -1/15
3 4 1   0 4 2 5 1 6 1 2    1/10
3 4 1   0 2 1 5 2 3 1 5    -1/30
3 4 1   0 4 2 5 1 2 1 4    1/30
3 4 1   0 2 1 5 1 6 2 3    -1/30
3 4 1   0 4 1 5 2 6 1 2    7/45
3 4 1   0 4 2 5 1 2 1 3    -11/90
3 4 1   0 4 1 5 2 4 1 2    1/6
3 4 1   0 4 3 5 1 2 1 2    -1/6
3 4 1   0 1 1 2 2 4 3 4    1/9
3 4 1   0 4 2 3 1 2 1 3    -1/6
3 4 1   0 1 1 5 2 3 2 5    1/15
# 2 1 2 
3 4 1   0 1 0 3 2 3 2 5    2/15
3 4 1   0 1 0 3 2 4 2 5    1/10
3 4 1   0 2 0 5 1 4 2 5    1/6
3 4 1   0 1 0 3 2 3 2 3    2/15
3 4 1   0 1 0 3 2 3 2 4    3/10
3 4 1   0 1 0 3 2 4 2 4    1/10
3 4 1   0 1 0 2 2 3 3 4    -2/9
3 4 1   0 1 0 2 2 3 3 5    -1/6
3 4 1   0 1 0 5 2 3 2 3    17/90
3 4 1   0 1 0 2 2 6 3 5    -1/6
3 4 1   0 1 0 5 2 4 2 3    1/9
3 4 1   0 1 0 2 2 6 3 4    -1/6
3 4 1   0 1 0 5 2 3 2 4    1/10
3 4 1   0 1 0 2 2 4 3 5    -1/9
3 4 1   0 1 0 5 2 6 2 3    7/45
3 4 1   0 2 0 5 1 2 4 5    -1/6
3 4 1   0 2 0 5 2 4 1 5    -1/6
3 4 1   0 2 0 5 2 4 1 3    -1/9
3 4 1   0 4 1 2 0 6 2 5    1/9
3 4 1   0 2 0 3 1 2 3 5    -1/9
3 4 1   0 2 0 5 1 2 3 5    -2/9
3 4 1   0 2 0 3 1 2 4 5    -1/9
3 4 1   0 2 0 5 1 2 3 4    -1/18
3 4 1   0 2 0 3 1 3 2 3    -2/15
3 4 1   0 4 1 2 0 4 2 4    2/15
3 4 1   0 2 0 3 1 3 2 4    -8/45
3 4 1   0 2 0 3 1 3 2 5    -11/90
3 4 1   0 4 1 2 0 4 2 3    17/90
3 4 1   0 2 0 3 1 4 2 3    -1/90
3 4 1   0 2 0 5 1 3 2 3    -11/90
3 4 1   0 4 0 5 1 2 2 5    2/15
3 4 1   0 2 0 3 1 4 2 4    -1/10
3 4 1   0 2 0 5 1 3 2 5    1/15
3 4 1   0 4 0 5 1 2 2 4    1/30
3 4 1   0 2 0 3 1 4 2 5    -1/45
3 4 1   0 2 0 5 1 3 2 4    -7/90
3 4 1   0 4 0 5 1 2 2 3    7/45
3 4 1   0 2 0 3 1 6 2 3    -1/90
3 4 1   0 2 0 5 2 3 1 3    -8/45
3 4 1   0 4 1 2 0 6 2 4    3/10
3 4 1   0 2 0 3 1 6 2 4    -7/90
3 4 1   0 2 0 5 2 6 1 3    -7/90
3 4 1   0 4 1 2 0 6 2 3    1/10
3 4 1   0 2 0 5 2 3 1 5    -1/10
3 4 1   0 4 2 5 1 2 0 4    1/10
3 4 1   0 2 0 5 1 6 2 3    -1/45
3 4 1   0 2 0 5 2 3 1 4    -7/90
3 4 1   0 4 0 5 2 6 1 2    1/10
3 4 1   0 2 0 5 1 6 2 5    1/6
3 4 1   0 2 0 5 4 6 1 2    -1/6
3 4 1   0 2 0 5 3 6 1 2    -1/6
3 4 1   0 2 0 5 2 4 1 4    -1/6
3 4 1   0 1 0 2 2 4 3 4    -1/9
3 4 1   0 1 0 2 2 3 4 5    1/18
3 4 1   0 1 0 5 2 3 2 5    1/30
# 1 2 1 
3 4 1   0 1 1 3 2 3 3 4    4/45
3 4 1   0 1 1 3 2 4 3 4    8/45
3 4 1   0 1 1 3 2 6 3 4    2/15
3 4 1   0 4 1 3 1 3 2 3    -1/15
3 4 1   0 4 1 3 1 3 2 4    -13/90
3 4 1   0 4 1 3 1 3 2 5    -13/90
3 4 1   0 1 1 3 2 6 3 5    1/30
3 4 1   0 1 1 3 2 6 4 5    1/15
3 4 1   0 4 1 3 1 2 3 5    1/9
3 4 1   0 4 1 3 1 2 4 5    -1/18
3 4 1   0 4 1 3 1 6 2 3    7/90
3 4 1   0 4 1 3 1 6 2 4    2/45
3 4 1   0 1 1 3 2 3 3 5    1/30
3 4 1   0 1 1 3 2 3 4 5    1/9
3 4 1   0 1 1 3 2 4 3 5    7/90
3 4 1   0 1 1 3 2 4 4 5    1/15
3 4 1   0 1 1 5 2 3 3 5    -29/90
3 4 1   0 1 1 2 3 4 4 5    -1/6
3 4 1   0 1 1 5 2 3 4 5    -11/90
3 4 1   0 1 1 5 2 4 3 5    -1/9
3 4 1   0 1 1 5 2 6 3 5    -7/45
3 4 1   0 2 1 3 1 3 3 4    -7/45
3 4 1   0 4 1 2 1 4 3 4    -1/30
3 4 1   0 4 1 2 1 4 4 5    4/45
3 4 1   0 2 1 3 1 4 3 4    1/45
3 4 1   0 4 1 2 1 3 3 4    29/90
3 4 1   0 4 1 5 1 2 4 5    -8/45
3 4 1   0 2 1 3 1 4 3 5    -1/15
3 4 1   0 4 1 2 1 3 4 5    -1/30
3 4 1   0 4 1 5 1 2 3 5    -7/90
3 4 1   0 2 1 3 1 4 4 5    -4/45
3 4 1   0 4 1 2 1 3 3 5    11/90
3 4 1   0 4 1 5 1 2 3 4    -1/15
3 4 1   0 2 1 3 1 6 3 4    -1/15
3 4 1   0 4 1 2 1 6 3 4    1/30
3 4 1   0 4 5 6 1 2 1 5    2/15
3 4 1   0 2 1 3 1 6 3 5    -2/45
3 4 1   0 4 1 2 1 6 4 5    -1/45
3 4 1   0 4 3 5 1 2 1 5    -1/30
3 4 1   0 2 1 3 1 6 4 5    1/45
3 4 1   0 4 1 2 1 6 3 5    1/90
3 4 1   0 4 3 5 1 6 1 2    -1/15
3 4 1   0 2 1 5 1 6 3 4    1/45
3 4 1   0 4 1 5 3 6 1 2    -1/90
3 4 1   0 4 5 6 1 2 1 3    1/90
3 4 1   0 2 1 5 1 6 3 5    1/45
3 4 1   0 4 1 5 4 6 1 2    -1/90
3 4 1   0 4 3 5 1 2 1 3    7/45
3 4 1   0 2 1 5 3 4 1 5    -1/15
3 4 1   0 4 3 5 1 2 1 4    1/30
3 4 1   0 4 5 6 1 2 1 4    -1/30
3 4 1   0 4 1 5 1 6 2 4    1/90
3 4 1   0 4 1 5 2 3 1 3    1/30
3 4 1   0 4 2 5 1 3 1 5    2/45
3 4 1   0 4 1 5 1 6 2 5    1/90
3 4 1   0 4 1 5 2 4 1 3    -2/45
3 4 1   0 4 2 3 1 3 1 5    1/30
3 4 1   0 4 1 5 2 3 1 4    -2/45
3 4 1   0 4 2 5 1 3 1 3    -1/90
3 4 1   0 4 1 5 2 6 1 4    -1/30
3 4 1   0 4 1 5 2 3 1 5    1/90
3 4 1   0 4 2 5 1 3 1 4    -1/30
3 4 1   0 4 2 5 1 6 1 4    -1/45
3 4 1   0 4 1 5 2 4 1 4    -1/30
3 4 1   0 4 2 3 1 3 1 3    1/30
3 4 1   0 4 1 5 2 4 1 5    13/90
3 4 1   0 4 2 5 1 4 1 5    -1/45
3 4 1   0 4 1 5 2 6 1 5    13/90
3 4 1   0 4 2 5 1 4 1 3    -7/90
3 4 1   0 4 2 3 1 4 1 5    -1/30
3 4 1   0 4 2 3 1 4 1 4    -1/30
3 4 1   0 4 2 5 1 4 1 4    1/15
3 4 1   0 1 1 5 2 4 3 4    1/18
3 4 1   0 4 1 2 1 4 3 5    -1/9
3 4 1   0 1 1 2 3 4 3 5    -1/6
3 4 1   0 1 1 5 2 3 3 4    -1/30
3 4 1   0 1 1 5 3 6 2 3    -1/30
3 4 1   0 1 1 5 3 4 2 3    -1/45
3 4 1   0 1 1 5 4 6 2 3    -1/90
3 4 1   0 1 1 5 2 6 3 4    1/90
3 4 1   0 1 1 5 3 6 2 4    1/90
3 4 1   0 1 1 5 3 4 2 4    1/90
3 4 1   0 1 1 5 3 4 2 5    -1/30
3 4 1   0 1 1 5 3 6 2 5    -1/30
3 4 1   0 4 1 5 1 3 2 4    -1/90
3 4 1   0 4 1 3 1 4 2 5    -1/90
3 4 1   0 4 1 5 1 3 2 5    1/30
3 4 1   0 4 1 5 1 3 2 3    1/45
3 4 1   0 4 1 3 1 4 2 4    1/30
3 4 1   0 4 1 3 1 4 2 3    1/45
# 2 1 1 
3 4 1   0 1 0 3 2 3 3 4    11/90
3 4 1   0 1 0 3 2 4 3 4    11/60+24*w_4_108
3 4 1   0 1 0 3 2 6 3 4    -31/180+8*w_4_107+48*w_4_109-24*w_4_100+120*w_4_104-96*w_4_103-48*w_4_108
3 4 1   0 4 1 3 0 4 2 3    1/45
3 4 1   0 4 1 3 0 4 2 4    2/15
3 4 1   0 4 1 3 0 4 2 5    1/6-16*w_4_107
3 4 1   0 1 0 3 2 6 3 5    -1/15
3 4 1   0 1 0 3 2 6 4 5    -1/3+48*w_4_109+96*w_4_104-96*w_4_103-48*w_4_108
3 4 1   0 2 0 5 1 4 3 4    -16/45+16*w_4_107+48*w_4_109+96*w_4_104-96*w_4_103-48*w_4_108
3 4 1   0 2 0 5 1 4 3 5    7/15-16*w_4_107-48*w_4_109-96*w_4_104+96*w_4_103+48*w_4_108
3 4 1   0 4 1 3 0 6 2 3    1/18-16*w_4_107
3 4 1   0 4 1 3 0 6 2 4    -1/30+16*w_4_107
3 4 1   0 1 0 3 2 3 3 5    -1/15
3 4 1   0 1 0 3 2 3 4 5    -7/10+16*w_4_107+96*w_4_109-48*w_4_100+240*w_4_104-192*w_4_103-96*w_4_108
3 4 1   0 1 0 3 2 4 3 5    13/30-24*w_4_107-48*w_4_109+24*w_4_100-168*w_4_104+144*w_4_103+72*w_4_108
3 4 1   0 1 0 3 2 4 4 5    -1/3+48*w_4_109+96*w_4_104-96*w_4_103-48*w_4_108
3 4 1   0 1 0 2 3 4 3 4    -19/90-48*w_4_108
3 4 1   0 1 0 5 2 3 3 5    -7/20-24*w_4_108
3 4 1   0 1 0 2 3 4 4 5    19/180-16*w_4_107-48*w_4_104+24*w_4_108
3 4 1   0 1 0 5 2 3 4 5    -7/18+48*w_4_109+96*w_4_104-96*w_4_103-48*w_4_108
3 4 1   0 1 0 5 2 4 3 5    11/45-16*w_4_107-48*w_4_109-96*w_4_104+96*w_4_103+48*w_4_108
3 4 1   0 1 0 5 2 6 3 5    -11/45+16*w_4_107+48*w_4_104
3 4 1   0 2 0 3 1 3 3 4    -11/90
3 4 1   0 2 0 3 1 3 3 5    -1/30
3 4 1   0 4 1 2 0 4 3 4    -23/90
3 4 1   0 2 0 3 1 4 3 4    1/36+24*w_4_108
3 4 1   0 2 0 5 1 3 3 5    -1/180-24*w_4_108
3 4 1   0 4 0 5 1 2 4 5    -1/90
3 4 1   0 2 0 3 1 4 3 5    23/45-24*w_4_107-48*w_4_109+24*w_4_100-168*w_4_104+144*w_4_103+72*w_4_108
3 4 1   0 2 0 5 1 3 3 4    -26/45+24*w_4_107+48*w_4_109-24*w_4_100+168*w_4_104-144*w_4_103-72*w_4_108
3 4 1   0 4 0 5 1 2 3 5    -2/15
3 4 1   0 2 0 3 1 4 4 5    -4/15+48*w_4_109+96*w_4_104-96*w_4_103-48*w_4_108
3 4 1   0 2 0 5 1 3 4 5    -8/45+48*w_4_109+96*w_4_104-96*w_4_103-48*w_4_108
3 4 1   0 4 0 5 1 2 3 4    -11/90
3 4 1   0 2 0 3 1 6 3 4    -67/180+8*w_4_107+48*w_4_109-24*w_4_100+120*w_4_104-96*w_4_103-48*w_4_108
3 4 1   0 2 0 5 3 6 1 3    11/36-8*w_4_107-48*w_4_109+24*w_4_100-120*w_4_104+96*w_4_103+48*w_4_108
3 4 1   0 4 1 2 0 6 3 4    -2/15
3 4 1   0 2 0 3 1 6 3 5    -1/30
3 4 1   0 2 0 5 3 4 1 3    -1/90
3 4 1   0 4 1 2 0 6 4 5    13/90
3 4 1   0 2 0 3 1 6 4 5    -4/15+48*w_4_109+96*w_4_104-96*w_4_103-48*w_4_108
3 4 1   0 2 0 5 4 6 1 3    -13/45+48*w_4_109+96*w_4_104-96*w_4_103-48*w_4_108
3 4 1   0 4 1 2 0 6 3 5    1/90
3 4 1   0 2 0 5 1 6 3 4    -67/90+32*w_4_107+96*w_4_109+288*w_4_104-240*w_4_103-96*w_4_108
3 4 1   0 2 0 5 3 6 1 4    23/30-32*w_4_107-96*w_4_109-288*w_4_104+240*w_4_103+96*w_4_108
3 4 1   0 4 0 5 3 6 1 2    -1/90
3 4 1   0 2 0 5 1 6 3 5    -1/15+16*w_4_107+48*w_4_104
3 4 1   0 2 0 5 3 4 1 4    4/45-16*w_4_107-48*w_4_104
3 4 1   0 4 0 5 4 6 1 2    -1/90
3 4 1   0 2 0 5 3 4 1 5    -3/10+48*w_4_109+96*w_4_104-96*w_4_103-48*w_4_108
3 4 1   0 2 0 5 3 6 1 5    7/30-48*w_4_109-96*w_4_104+96*w_4_103+48*w_4_108
3 4 1   0 4 3 5 1 2 0 4    -2/15
3 4 1   0 4 0 5 1 6 2 3    -8/45+32*w_4_107+96*w_4_104-96*w_4_103
3 4 1   0 4 1 5 0 6 2 3    16/45-64*w_4_107-192*w_4_104+192*w_4_103
3 4 1   0 4 0 5 2 6 1 3    -8/45+32*w_4_107+96*w_4_104-96*w_4_103
3 4 1   0 4 0 5 1 6 2 4    1/45
3 4 1   0 4 1 5 0 6 2 4    11/90-16*w_4_107-48*w_4_104+48*w_4_103
3 4 1   0 4 0 5 2 3 1 3    -7/90+16*w_4_107+48*w_4_104-48*w_4_103
3 4 1   0 4 0 5 1 6 2 5    1/15
3 4 1   0 4 1 5 0 6 2 5    1/90-16*w_4_107
3 4 1   0 4 0 5 2 4 1 3    -7/90+16*w_4_107
3 4 1   0 4 0 5 2 3 1 4    7/90-16*w_4_107-48*w_4_104+48*w_4_103
3 4 1   0 4 1 5 2 3 0 4    -11/90+16*w_4_107+48*w_4_104-48*w_4_103
3 4 1   0 4 0 5 2 6 1 4    -1/45
3 4 1   0 4 0 5 2 3 1 5    -1/90
3 4 1   0 4 1 5 2 3 0 5    4/45-16*w_4_107-48*w_4_104+48*w_4_103
3 4 1   0 4 2 5 1 3 0 4    -1/9+16*w_4_107+48*w_4_104-48*w_4_103
3 4 1   0 4 0 5 2 4 1 4    -1/15
3 4 1   0 4 1 5 2 4 0 4    1/15
3 4 1   0 4 0 5 2 4 1 5    -1/90
3 4 1   0 4 1 5 2 4 0 5    13/90
3 4 1   0 4 2 3 0 4 1 3    -1/6
3 4 1   0 4 0 5 2 6 1 5    1/30
3 4 1   0 4 1 5 2 6 0 5    -1/9+16*w_4_107
3 4 1   0 4 2 3 0 4 1 5    -1/45-16*w_4_107
3 4 1   0 4 2 3 0 4 1 4    -2/15
3 4 1   0 4 2 5 1 4 0 4    1/30
3 4 1   0 1 0 2 3 4 3 5    -49/180+16*w_4_107+48*w_4_104-24*w_4_108
3 4 1   0 1 0 2 3 6 4 5    1/6-32*w_4_107-96*w_4_104
3 4 1   0 2 0 3 1 3 4 5    -53/90+16*w_4_107+96*w_4_109-48*w_4_100+240*w_4_104-192*w_4_103-96*w_4_108
3 4 1   0 1 0 5 2 3 3 4    -49/90+24*w_4_107+48*w_4_109-24*w_4_100+168*w_4_104-144*w_4_103-72*w_4_108
3 4 1   0 1 0 5 3 6 2 3    61/180-8*w_4_107-48*w_4_109+24*w_4_100-120*w_4_104+96*w_4_103+48*w_4_108
3 4 1   0 1 0 5 3 4 2 3    1/90
3 4 1   0 1 0 5 4 6 2 3    -5/18+48*w_4_109+96*w_4_104-96*w_4_103-48*w_4_108
3 4 1   0 1 0 5 2 4 3 4    -37/90+16*w_4_107+48*w_4_109+96*w_4_104-96*w_4_103-48*w_4_108
3 4 1   0 1 0 5 2 6 3 4    -34/45+32*w_4_107+96*w_4_109+288*w_4_104-240*w_4_103-96*w_4_108
3 4 1   0 1 0 5 3 6 2 4    34/45-32*w_4_107-96*w_4_109-288*w_4_104+240*w_4_103+96*w_4_108
3 4 1   0 1 0 5 3 4 2 4    7/90-16*w_4_107-48*w_4_104
3 4 1   0 1 0 5 3 4 2 5    -4/15+48*w_4_109+96*w_4_104-96*w_4_103-48*w_4_108
3 4 1   0 1 0 5 3 6 2 5    4/15-48*w_4_109-96*w_4_104+96*w_4_103+48*w_4_108
3 4 1   0 4 0 5 1 3 2 3    -4/45+16*w_4_107+48*w_4_104-48*w_4_103
3 4 1   0 4 0 5 1 3 2 4    1/9-16*w_4_107-48*w_4_104+48*w_4_103
3 4 1   0 4 0 5 1 3 2 5    1/90
3 4 1   0 4 0 5 1 4 2 3    -4/45+16*w_4_107
3 4 1   0 4 0 5 1 4 2 4    -1/30
3 4 1   0 4 0 5 1 4 2 5    1/90
# 1 1 2 
3 4 1   0 4 1 3 2 3 2 5    -1/30
3 4 1   0 4 1 3 2 4 2 5    -1/15
3 4 1   0 4 1 3 2 3 2 3    -1/30
3 4 1   0 4 1 3 2 3 2 4    -13/90
3 4 1   0 4 1 3 2 4 2 4    -1/15
3 4 1   0 1 2 3 2 3 3 4    23/90
3 4 1   0 1 2 3 2 6 3 5    13/90
3 4 1   0 1 2 3 2 6 3 4    2/15
3 4 1   0 1 2 3 2 4 3 5    2/15
3 4 1   0 1 2 3 2 4 4 5    11/90
3 4 1   0 1 2 5 3 4 2 5    2/15
3 4 1   0 2 1 2 3 4 3 4    19/90+48*w_4_108
3 4 1   0 2 1 2 3 4 3 5    19/180-16*w_4_107-48*w_4_104+24*w_4_108
3 4 1   0 2 1 2 3 4 4 5    -49/180+16*w_4_107+48*w_4_104-24*w_4_108
3 4 1   0 2 1 2 3 6 4 5    -1/6+32*w_4_107+96*w_4_104
3 4 1   0 2 1 3 2 3 3 4    -1/30
3 4 1   0 4 1 2 2 4 3 4    1/15
3 4 1   0 2 1 3 2 3 3 5    -11/90
3 4 1   0 4 1 2 2 4 4 5    11/90
3 4 1   0 2 1 3 2 3 4 5    53/90-16*w_4_107-96*w_4_109+48*w_4_100-240*w_4_104+192*w_4_103+96*w_4_108
3 4 1   0 4 1 2 2 4 3 5    7/10-16*w_4_107-96*w_4_109+48*w_4_100-240*w_4_104+192*w_4_103+96*w_4_108
3 4 1   0 2 1 3 2 4 3 4    -1/180-24*w_4_108
3 4 1   0 4 1 2 2 3 3 4    7/20+24*w_4_108
3 4 1   0 2 1 5 2 3 3 5    1/36+24*w_4_108
3 4 1   0 4 2 5 1 2 4 5    -11/60-24*w_4_108
3 4 1   0 2 1 3 2 4 3 5    -26/45+24*w_4_107+48*w_4_109-24*w_4_100+168*w_4_104-144*w_4_103-72*w_4_108
3 4 1   0 4 1 2 2 3 4 5    -49/90+24*w_4_107+48*w_4_109-24*w_4_100+168*w_4_104-144*w_4_103-72*w_4_108
3 4 1   0 2 1 5 2 3 3 4    23/45-24*w_4_107-48*w_4_109+24*w_4_100-168*w_4_104+144*w_4_103+72*w_4_108
3 4 1   0 4 2 5 1 2 3 5    -13/30+24*w_4_107+48*w_4_109-24*w_4_100+168*w_4_104-144*w_4_103-72*w_4_108
3 4 1   0 2 1 3 2 4 4 5    8/45-48*w_4_109-96*w_4_104+96*w_4_103+48*w_4_108
3 4 1   0 4 1 2 2 3 3 5    7/18-48*w_4_109-96*w_4_104+96*w_4_103+48*w_4_108
3 4 1   0 2 1 5 2 3 4 5    4/15-48*w_4_109-96*w_4_104+96*w_4_103+48*w_4_108
3 4 1   0 4 2 5 1 2 3 4    1/3-48*w_4_109-96*w_4_104+96*w_4_103+48*w_4_108
3 4 1   0 2 1 3 2 6 3 4    11/36-8*w_4_107-48*w_4_109+24*w_4_100-120*w_4_104+96*w_4_103+48*w_4_108
3 4 1   0 4 1 2 2 6 3 4    -61/180+8*w_4_107+48*w_4_109-24*w_4_100+120*w_4_104-96*w_4_103-48*w_4_108
3 4 1   0 2 1 5 3 6 2 3    -67/180+8*w_4_107+48*w_4_109-24*w_4_100+120*w_4_104-96*w_4_103-48*w_4_108
3 4 1   0 4 5 6 1 2 2 5    -31/180+8*w_4_107+48*w_4_109-24*w_4_100+120*w_4_104-96*w_4_103-48*w_4_108
3 4 1   0 2 1 3 2 6 3 5    -1/90
3 4 1   0 4 1 2 2 6 4 5    1/90
3 4 1   0 2 1 5 3 4 2 3    -1/30
3 4 1   0 4 3 5 1 2 2 5    1/15
3 4 1   0 2 1 3 2 6 4 5    13/45-48*w_4_109-96*w_4_104+96*w_4_103+48*w_4_108
3 4 1   0 4 1 2 2 6 3 5    5/18-48*w_4_109-96*w_4_104+96*w_4_103+48*w_4_108
3 4 1   0 2 1 5 4 6 2 3    4/15-48*w_4_109-96*w_4_104+96*w_4_103+48*w_4_108
3 4 1   0 4 3 5 2 6 1 2    1/3-48*w_4_109-96*w_4_104+96*w_4_103+48*w_4_108
3 4 1   0 2 1 5 2 4 3 4    7/15-16*w_4_107-48*w_4_109-96*w_4_104+96*w_4_103+48*w_4_108
3 4 1   0 4 2 3 1 2 3 5    -11/45+16*w_4_107+48*w_4_109+96*w_4_104-96*w_4_103-48*w_4_108
3 4 1   0 2 1 5 2 4 3 5    -16/45+16*w_4_107+48*w_4_109+96*w_4_104-96*w_4_103-48*w_4_108
3 4 1   0 4 2 3 1 2 4 5    37/90-16*w_4_107-48*w_4_109-96*w_4_104+96*w_4_103+48*w_4_108
3 4 1   0 2 1 5 2 6 3 4    23/30-32*w_4_107-96*w_4_109-288*w_4_104+240*w_4_103+96*w_4_108
3 4 1   0 4 2 5 3 6 1 2    -34/45+32*w_4_107+96*w_4_109+288*w_4_104-240*w_4_103-96*w_4_108
3 4 1   0 2 1 5 3 6 2 4    -67/90+32*w_4_107+96*w_4_109+288*w_4_104-240*w_4_103-96*w_4_108
3 4 1   0 4 5 6 1 2 2 3    -34/45+32*w_4_107+96*w_4_109+288*w_4_104-240*w_4_103-96*w_4_108
3 4 1   0 2 1 5 2 6 3 5    4/45-16*w_4_107-48*w_4_104
3 4 1   0 4 2 5 4 6 1 2    -7/90+16*w_4_107+48*w_4_104
3 4 1   0 2 1 5 3 4 2 4    -1/15+16*w_4_107+48*w_4_104
3 4 1   0 4 3 5 1 2 2 3    11/45-16*w_4_107-48*w_4_104
3 4 1   0 2 1 5 3 4 2 5    7/30-48*w_4_109-96*w_4_104+96*w_4_103+48*w_4_108
3 4 1   0 4 3 5 1 2 2 4    -4/15+48*w_4_109+96*w_4_104-96*w_4_103-48*w_4_108
3 4 1   0 2 1 5 3 6 2 5    -3/10+48*w_4_109+96*w_4_104-96*w_4_103-48*w_4_108
3 4 1   0 4 5 6 1 2 2 4    -4/15+48*w_4_109+96*w_4_104-96*w_4_103-48*w_4_108
3 4 1   0 4 1 5 2 3 2 3    1/9-16*w_4_107-48*w_4_104+48*w_4_103
3 4 1   0 4 2 5 1 3 2 5    11/90-16*w_4_107-48*w_4_104+48*w_4_103
3 4 1   0 4 2 5 2 3 1 4    7/90-16*w_4_107-48*w_4_104+48*w_4_103
3 4 1   0 4 2 5 2 6 1 4    4/45-16*w_4_107-48*w_4_104+48*w_4_103
3 4 1   0 4 1 5 2 3 2 4    -11/90+16*w_4_107+48*w_4_104-48*w_4_103
3 4 1   0 4 2 5 1 3 2 3    -4/45+16*w_4_107+48*w_4_104-48*w_4_103
3 4 1   0 4 2 5 1 6 2 4    -1/9+16*w_4_107+48*w_4_104-48*w_4_103
3 4 1   0 4 2 5 2 3 1 5    -7/90+16*w_4_107+48*w_4_104-48*w_4_103
3 4 1   0 4 1 5 2 3 2 5    1/45
3 4 1   0 4 2 5 1 3 2 4    -1/45
3 4 1   0 4 1 5 2 6 2 4    -1/90
3 4 1   0 4 2 5 2 3 1 3    1/90
3 4 1   0 4 1 5 2 4 2 3    1/30-16*w_4_107
3 4 1   0 4 2 3 1 3 2 5    1/9-16*w_4_107
3 4 1   0 4 2 3 1 6 2 4    7/90-16*w_4_107
3 4 1   0 4 2 5 2 6 1 5    4/45-16*w_4_107
3 4 1   0 4 1 5 2 4 2 4    -2/15
3 4 1   0 4 2 3 1 3 2 3    2/15
3 4 1   0 4 2 3 1 4 2 4    1/15
3 4 1   0 4 2 5 1 4 2 4    1/30
3 4 1   0 4 1 5 2 4 2 5    -1/90
3 4 1   0 4 2 3 1 3 2 4    1/90
3 4 1   0 4 1 5 2 6 2 3    8/45-32*w_4_107-96*w_4_104+96*w_4_103
3 4 1   0 4 2 5 2 6 1 3    8/45-32*w_4_107-96*w_4_104+96*w_4_103
3 4 1   0 4 2 3 1 4 2 3    1/6
3 4 1   0 4 2 5 1 4 2 5    -1/45
3 4 1   0 4 2 3 1 4 2 5    -1/90+16*w_4_107
3 4 1   0 4 2 5 1 4 2 3    -1/18+16*w_4_107
3 4 1   0 4 2 3 1 6 2 3    1/45+16*w_4_107
3 4 1   0 4 2 5 1 6 2 5    -1/6+16*w_4_107
3 4 1   0 4 2 5 1 6 2 3    -16/45+64*w_4_107+192*w_4_104-192*w_4_103
3 4 1   0 1 2 3 2 4 3 4    1/90
3 4 1   0 1 2 3 2 6 4 5    1/90
3 4 1   0 1 2 5 2 6 3 4    1/90
3 4 1   0 1 2 5 2 6 3 5    1/90
# 1 1 1 
3 4 1   0 4 1 3 2 3 3 4    1/6+16*w_4_108
3 4 1   0 4 1 3 2 4 3 4    1/12-8*w_4_108
3 4 1   0 4 1 3 2 6 3 4    13/180-8*w_4_107+16*w_4_109-8*w_4_100+40*w_4_104-32*w_4_103-16*w_4_108
3 4 1   0 4 1 3 2 6 3 5    1/9-16*w_4_109-32*w_4_104+32*w_4_103+16*w_4_108
3 4 1   0 4 1 3 2 6 4 5    2/9-32*w_4_109-64*w_4_104+64*w_4_103+32*w_4_108
3 4 1   0 4 1 3 2 3 3 5    1/9-16*w_4_109-32*w_4_104+32*w_4_103+16*w_4_108
3 4 1   0 4 1 3 2 3 4 5    1/18-16*w_4_109
3 4 1   0 4 1 3 2 4 3 5    11/90+8*w_4_107-32*w_4_109+24*w_4_100-72*w_4_104+48*w_4_103+24*w_4_108
3 4 1   0 4 1 3 2 4 4 5    2/9-32*w_4_109-64*w_4_104+64*w_4_103+32*w_4_108
3 4 1   0 1 2 3 3 4 3 4    -1/12+8*w_4_108
3 4 1   0 1 2 5 3 4 4 5    1/12-8*w_4_108
3 4 1   0 1 2 3 3 4 4 5    17/180+8*w_4_107-8*w_4_100+24*w_4_104
3 4 1   0 1 2 5 3 4 3 4    -2/45+8*w_4_107-8*w_4_100+40*w_4_104-16*w_4_103+24*w_4_108
3 4 1   0 2 1 3 3 4 3 4    1/6+16*w_4_108
3 4 1   0 4 1 2 3 4 3 4    -1/12+8*w_4_108
3 4 1   0 2 1 3 3 4 3 5    -32*w_4_103
3 4 1   0 4 1 2 3 4 4 5    16*w_4_103
3 4 1   0 2 1 3 3 4 4 5    -13/90+16*w_4_107-16*w_4_100+48*w_4_104
3 4 1   0 4 1 2 3 4 3 5    -17/180-8*w_4_107+8*w_4_100-24*w_4_104
3 4 1   0 2 1 3 3 6 4 5    1/45+16*w_4_107-16*w_4_100+48*w_4_104+32*w_4_103+16*w_4_108
3 4 1   0 4 1 2 3 6 4 5    1/90+8*w_4_107-8*w_4_100+24*w_4_104+16*w_4_103+8*w_4_108
3 4 1   0 2 1 5 3 4 3 4    11/45+16*w_4_107-16*w_4_100+80*w_4_104-32*w_4_103+48*w_4_108
3 4 1   0 4 3 5 1 2 3 5    -2/45+8*w_4_107-8*w_4_100+40*w_4_104-16*w_4_103+24*w_4_108
3 4 1   0 2 1 5 3 4 3 5    -32*w_4_104
3 4 1   0 4 3 5 1 2 4 5    -16*w_4_104
3 4 1   0 2 1 5 3 4 4 5    -1/6-16*w_4_108
3 4 1   0 4 3 5 1 2 3 4    -1/12+8*w_4_108
3 4 1   0 2 1 5 3 6 3 4    -32*w_4_103
3 4 1   0 4 5 6 1 2 3 5    16*w_4_103
3 4 1   0 2 1 5 3 6 3 5    -1/45-16*w_4_107+16*w_4_100-48*w_4_104-16*w_4_108
3 4 1   0 4 5 6 1 2 4 5    1/90+8*w_4_107-8*w_4_100+24*w_4_104+8*w_4_108
3 4 1   0 2 1 5 3 6 4 5    32*w_4_103
3 4 1   0 4 5 6 1 2 3 4    16*w_4_103
3 4 1   0 2 1 5 4 6 3 4    -1/18-32*w_4_104+32*w_4_103-16*w_4_108
3 4 1   0 4 3 5 3 6 1 2    1/36+16*w_4_104-16*w_4_103+8*w_4_108
3 4 1   0 2 1 5 4 6 3 5    32*w_4_104
3 4 1   0 4 3 5 4 6 1 2    -16*w_4_104
3 4 1   0 4 1 5 2 3 3 4    7/30+8*w_4_107-32*w_4_109+8*w_4_100-40*w_4_104+32*w_4_103+56*w_4_108
3 4 1   0 4 2 5 1 3 3 5    -7/36+16*w_4_109-16*w_4_100+32*w_4_104-16*w_4_103-40*w_4_108
3 4 1   0 4 1 5 2 3 3 5    7/180+8*w_4_107-16*w_4_109-8*w_4_100-8*w_4_104+16*w_4_103+16*w_4_108
3 4 1   0 4 2 5 1 3 4 5    -7/30-8*w_4_107+32*w_4_109-8*w_4_100+40*w_4_104-32*w_4_103-56*w_4_108
3 4 1   0 4 1 5 2 3 4 5    -7/36+16*w_4_109-16*w_4_100+32*w_4_104-16*w_4_103-40*w_4_108
3 4 1   0 4 2 5 1 3 3 4    7/180+8*w_4_107-16*w_4_109-8*w_4_100-8*w_4_104+16*w_4_103+16*w_4_108
3 4 1   0 4 1 5 2 4 3 4    2/9-32*w_4_109-64*w_4_104+64*w_4_103+32*w_4_108
3 4 1   0 4 2 3 1 3 3 5    -1/9+16*w_4_109+32*w_4_104-32*w_4_103-16*w_4_108
3 4 1   0 4 1 5 2 4 3 5    11/90+8*w_4_107-32*w_4_109+24*w_4_100-72*w_4_104+48*w_4_103+24*w_4_108
3 4 1   0 4 2 3 1 3 4 5    -1/15-8*w_4_107+16*w_4_109-24*w_4_100+72*w_4_104-48*w_4_103-24*w_4_108
3 4 1   0 4 1 5 2 4 4 5    1/12-8*w_4_108
3 4 1   0 4 2 3 1 3 3 4    -1/12+8*w_4_108
3 4 1   0 4 1 5 2 6 3 4    1/9-16*w_4_109-16*w_4_100-32*w_4_104+32*w_4_103+16*w_4_108
3 4 1   0 4 2 5 3 6 1 3    -3/20-8*w_4_107+32*w_4_109+8*w_4_100+40*w_4_104-16*w_4_103-32*w_4_108
3 4 1   0 4 1 5 2 6 3 5    1/90+8*w_4_107-16*w_4_109-8*w_4_100-24*w_4_104+16*w_4_103+8*w_4_108
3 4 1   0 4 2 5 4 6 1 3    -8/45-8*w_4_107+32*w_4_109-8*w_4_100+24*w_4_104+16*w_4_103-40*w_4_108
3 4 1   0 4 1 5 2 6 4 5    -1/36-16*w_4_104+16*w_4_103-8*w_4_108
3 4 1   0 4 2 5 3 4 1 3    1/36+16*w_4_104-16*w_4_103+8*w_4_108
3 4 1   0 4 1 5 3 6 2 3    -7/180-8*w_4_107+16*w_4_109-8*w_4_100+8*w_4_104+16*w_4_103-16*w_4_108
3 4 1   0 4 5 6 1 3 2 5    1/9-16*w_4_109-16*w_4_100-32*w_4_104+32*w_4_103+16*w_4_108
3 4 1   0 4 1 5 3 6 2 4    32*w_4_100
3 4 1   0 4 5 6 1 3 2 3    16*w_4_100
3 4 1   0 4 1 5 3 6 2 5    -1/9+16*w_4_109+48*w_4_104-32*w_4_103-16*w_4_108
3 4 1   0 4 5 6 1 3 2 4    1/9-16*w_4_109-48*w_4_104+32*w_4_103+16*w_4_108
3 4 1   0 4 1 5 4 6 2 3    -1/6+16*w_4_109-16*w_4_100+32*w_4_103-32*w_4_108
3 4 1   0 4 3 5 2 6 1 3    1/90+8*w_4_107-16*w_4_109-8*w_4_100-24*w_4_104+16*w_4_103+8*w_4_108
3 4 1   0 4 1 5 4 6 2 4    16*w_4_103
3 4 1   0 4 3 5 2 3 1 3    -16*w_4_103
3 4 1   0 4 1 5 4 6 2 5    16*w_4_104
3 4 1   0 4 3 5 2 4 1 3    -16*w_4_104
3 4 1   0 4 2 3 1 4 3 4    -1/12+8*w_4_108
3 4 1   0 4 2 5 1 4 4 5    -1/6-16*w_4_108
3 4 1   0 4 2 3 1 4 3 5    1/15+8*w_4_107-16*w_4_109+24*w_4_100-72*w_4_104+48*w_4_103+24*w_4_108
3 4 1   0 4 2 5 1 4 3 5    1/18-16*w_4_109
3 4 1   0 4 2 3 1 4 4 5    1/9-16*w_4_109-32*w_4_104+32*w_4_103+16*w_4_108
3 4 1   0 4 2 5 1 4 3 4    1/9-16*w_4_109-32*w_4_104+32*w_4_103+16*w_4_108
3 4 1   0 4 2 3 1 6 3 4    -17/90-16*w_4_107+32*w_4_109-16*w_4_100+80*w_4_104-64*w_4_103-32*w_4_108
3 4 1   0 4 5 6 1 6 2 5    13/180-8*w_4_107+16*w_4_109-8*w_4_100+40*w_4_104-32*w_4_103-16*w_4_108
3 4 1   0 4 2 3 1 6 3 5    -1/9+16*w_4_109+32*w_4_104-32*w_4_103-16*w_4_108
3 4 1   0 4 3 5 1 6 2 5    2/9-32*w_4_109-64*w_4_104+64*w_4_103+32*w_4_108
3 4 1   0 4 2 3 1 6 4 5    1/9-16*w_4_109-32*w_4_104+32*w_4_103+16*w_4_108
3 4 1   0 4 3 5 2 6 1 5    1/9-16*w_4_109-32*w_4_104+32*w_4_103+16*w_4_108
3 4 1   0 4 2 5 1 6 3 4    -7/180-8*w_4_107+16*w_4_109-8*w_4_100+8*w_4_104+16*w_4_103-16*w_4_108
3 4 1   0 4 5 6 1 6 2 3    -3/20-8*w_4_107+32*w_4_109+8*w_4_100+40*w_4_104-16*w_4_103-32*w_4_108
3 4 1   0 4 2 5 1 6 3 5    -1/6+16*w_4_109-16*w_4_100+32*w_4_103-32*w_4_108
3 4 1   0 4 3 5 1 6 2 3    8/45+8*w_4_107-32*w_4_109+8*w_4_100-24*w_4_104-16*w_4_103+40*w_4_108
3 4 1   0 4 2 5 1 6 4 5    -1/18-32*w_4_104+32*w_4_103-16*w_4_108
3 4 1   0 4 3 5 2 3 1 5    1/36+16*w_4_104-16*w_4_103+8*w_4_108
3 4 1   0 4 2 5 3 4 1 4    -16*w_4_103
3 4 1   0 4 2 5 4 6 1 4    32*w_4_103
3 4 1   0 4 2 5 3 4 1 5    -3/20-8*w_4_107+32*w_4_109-8*w_4_100+40*w_4_104-32*w_4_103-32*w_4_108
3 4 1   0 4 5 6 1 6 2 4    -7/180-8*w_4_107+16*w_4_109+8*w_4_100+8*w_4_104-16*w_4_103-16*w_4_108
3 4 1   0 4 3 5 2 3 1 4    -3/20-8*w_4_107+32*w_4_109-8*w_4_100+40*w_4_104-32*w_4_103-32*w_4_108
3 4 1   0 4 5 6 1 4 2 5    -1/9+16*w_4_109-16*w_4_100+32*w_4_104-16*w_4_103-16*w_4_108
3 4 1   0 4 2 5 3 6 1 5    -2/9+32*w_4_109+96*w_4_104-64*w_4_103-32*w_4_108
3 4 1   0 4 3 5 1 6 2 4    1/9-16*w_4_109-48*w_4_104+32*w_4_103+16*w_4_108
3 4 1   0 4 3 5 2 6 1 4    -1/9+16*w_4_109+48*w_4_104-32*w_4_103-16*w_4_108
3 4 1   0 4 5 6 1 4 2 3    -2/9+32*w_4_109+96*w_4_104-64*w_4_103-32*w_4_108
3 4 1   0 4 2 5 4 6 1 5    32*w_4_104
3 4 1   0 4 3 5 2 4 1 5    -16*w_4_104
3 4 1   0 4 3 5 2 4 1 4    -2/9+32*w_4_109+64*w_4_104-64*w_4_103-32*w_4_108
3 4 1   0 4 5 6 1 4 2 4    -1/9+16*w_4_109+32*w_4_104-32*w_4_103-16*w_4_108
3 4 1   0 1 2 3 3 4 3 5    -16*w_4_103
3 4 1   0 1 2 3 3 6 4 5    1/90+8*w_4_107-8*w_4_100+24*w_4_104+16*w_4_103+8*w_4_108
3 4 1   0 1 2 5 3 4 3 5    -16*w_4_104
3 4 1   0 1 2 5 3 6 3 4    -16*w_4_103
3 4 1   0 1 2 5 3 6 3 5    -1/90-8*w_4_107+8*w_4_100-24*w_4_104-8*w_4_108
3 4 1   0 1 2 5 3 6 4 5    16*w_4_103
3 4 1   0 1 2 5 4 6 3 4    -1/36-16*w_4_104+16*w_4_103-8*w_4_108
3 4 1   0 1 2 5 4 6 3 5    16*w_4_104
3 4 1   0 4 3 5 1 3 2 5    -1/36-16*w_4_104+16*w_4_103-8*w_4_108
3 4 1   0 4 2 5 3 6 1 4    16*w_4_100
3 4 1   0 4 1 5 3 4 2 4    16*w_4_103
3 4 1   0 4 3 5 1 4 2 5    16*w_4_104
3 4 1   0 4 1 5 3 4 2 3    1/18+32*w_4_104-32*w_4_103+16*w_4_108
3 4 1   0 4 3 5 1 3 2 3    -32*w_4_103
3 4 1   0 4 3 5 1 3 2 4    -7/180-8*w_4_107+16*w_4_109+8*w_4_100+8*w_4_104-16*w_4_103-16*w_4_108
3 4 1   0 4 1 5 3 4 2 5    -1/9+16*w_4_109-16*w_4_100+32*w_4_104-16*w_4_103-16*w_4_108
3 4 1   0 4 3 5 1 4 2 3    -32*w_4_104
3 4 1   0 4 3 5 1 4 2 4    -1/9+16*w_4_109+32*w_4_104-32*w_4_103-16*w_4_108
