h^0:
2 0 1                  1
h^1:
2 1 1   0 1            1/2
h^2:
2 2 1   0 1 0 2        1/12
2 2 1   0 3 1 2        -1/24
h^3:
2 3 0   0 1 0 1 2 3    0
2 3 1   0 1 0 2 0 2    1/24
2 3 1   0 1 0 2 0 3    0
2 3 1   0 1 0 2 1 2    0
2 3 1   0 1 0 2 1 3    -1/48
2 3 1   0 1 0 2 2 3    -1/48
2 3 1   0 1 0 4 2 3    0
2 3 1   0 1 2 4 2 3    0
2 3 1   0 3 0 2 1 2    0
2 3 1   0 3 0 4 1 2    0
2 3 1   0 3 0 4 1 3    0
2 3 1   0 3 1 2 0 3    -1/48
2 3 1   0 3 1 2 2 3    -1/48
2 3 1   0 3 1 4 2 3    0
2 3 1   0 3 2 4 1 3    0
