h^0:
1 0 1       1
h^1:
h^2:
h^3:
h^4:
1 4 1   0 2 0 3 0 1 1 2    -32*w_4_125
1 4 1   0 2 0 3 0 4 1 2    16*w_4_119
1 4 1   0 2 0 3 0 4 1 3    -16*w_4_102
1 4 1   0 2 0 3 1 2 1 2    16*w_4_125
1 4 1   0 2 0 3 1 2 1 3    -16*w_4_125
1 4 1   0 2 0 3 1 2 2 3    16*w_4_125
1 4 1   0 2 0 3 1 4 0 3    16*w_4_101
1 4 1   0 2 0 3 1 4 1 2    16*w_4_125+16*w_4_119
1 4 1   0 2 0 3 1 4 1 3    8*w_4_101-16*w_4_125-8*w_4_102+8*w_4_119
1 4 1   0 2 0 3 1 4 2 3    8*w_4_101+16*w_4_125
1 4 1   0 2 0 3 2 4 1 2    -8*w_4_102+8*w_4_119
1 4 1   0 2 0 3 2 4 1 3    -16*w_4_102
1 4 1   0 2 1 3 0 4 1 2    -8*w_4_101-8*w_4_102+8*w_4_119
1 4 1   0 2 1 3 0 4 1 3    -8*w_4_102
1 4 1   0 2 1 3 0 4 2 3    8*w_4_101
1 4 1   0 2 1 3 1 4 0 2    -8*w_4_101
1 4 1   0 2 1 3 2 4 0 2    -8*w_4_101
1 4 1   0 2 3 4 0 4 1 2    -8*w_4_119
