1 0 1                      1
h^4:
1 4 1   0 2 0 1 0 1 0 1    g_4_1
1 4 1   0 2 0 1 0 1 0 2    g_4_2
1 4 1   0 2 0 1 0 1 0 3    g_4_3
1 4 1   0 2 0 1 0 1 1 2    g_4_4
1 4 1   0 2 0 1 0 1 1 3    g_4_5
1 4 1   0 2 0 1 0 1 2 3    g_4_6
1 4 1   0 2 0 1 0 4 0 3    g_4_7
1 4 1   0 2 0 1 0 4 1 3    g_4_8
1 4 1   0 2 0 1 1 2 1 2    g_4_9
1 4 1   0 2 0 1 1 2 1 3    g_4_10
1 4 1   0 2 0 1 1 4 1 3    g_4_11
1 4 1   0 2 0 1 1 4 2 3    g_4_12
1 4 1   0 2 0 3 0 1 0 1    g_4_13
1 4 1   0 2 0 3 0 1 1 2    g_4_14
1 4 1   0 2 0 3 0 4 0 1    g_4_15
1 4 1   0 2 0 3 0 4 1 2    g_4_16
1 4 1   0 2 0 3 0 4 1 3    g_4_17
1 4 1   0 2 0 3 0 4 2 3    g_4_18
1 4 1   0 2 0 3 1 2 0 2    g_4_19
1 4 1   0 2 0 3 1 2 0 3    g_4_20
1 4 1   0 2 0 3 1 2 1 2    g_4_21
1 4 1   0 2 0 3 1 2 1 3    g_4_22
1 4 1   0 2 0 3 1 2 2 3    g_4_23
1 4 1   0 2 0 3 1 4 0 3    g_4_24
1 4 1   0 2 0 3 1 4 1 2    g_4_25
1 4 1   0 2 0 3 1 4 1 3    g_4_26
1 4 1   0 2 0 3 1 4 2 3    g_4_27
1 4 1   0 2 0 3 2 4 0 3    g_4_28
1 4 1   0 2 0 3 2 4 1 2    g_4_29
1 4 1   0 2 0 3 2 4 1 3    g_4_30
1 4 1   0 2 0 3 2 4 2 3    g_4_31
1 4 1   0 2 1 3 0 2 1 2    g_4_32
1 4 1   0 2 1 3 0 2 1 3    g_4_33
1 4 1   0 2 1 3 0 4 1 2    g_4_34
1 4 1   0 2 1 3 0 4 1 3    g_4_35
1 4 1   0 2 1 3 0 4 2 3    g_4_36
1 4 1   0 2 1 3 1 2 0 2    g_4_37
1 4 1   0 2 1 3 1 2 0 3    g_4_38
1 4 1   0 2 1 3 1 2 1 2    g_4_39
1 4 1   0 2 1 3 1 2 1 3    g_4_40
1 4 1   0 2 1 3 1 2 2 3    g_4_41
1 4 1   0 2 1 3 1 4 0 2    g_4_42
1 4 1   0 2 1 3 1 4 1 2    g_4_43
1 4 1   0 2 1 3 1 4 1 3    g_4_44
1 4 1   0 2 1 3 1 4 2 3    g_4_45
1 4 1   0 2 1 3 2 4 0 2    g_4_46
1 4 1   0 2 1 3 2 4 0 3    g_4_47
1 4 1   0 2 1 3 2 4 1 2    g_4_48
1 4 1   0 2 1 3 2 4 1 3    g_4_49
1 4 1   0 2 1 3 2 4 2 3    g_4_50
1 4 1   0 2 3 4 0 4 1 2    g_4_51
1 4 1   0 2 3 4 1 2 1 3    g_4_52
1 4 1   0 2 3 4 1 2 2 3    g_4_53
1 4 1   0 2 3 4 1 4 2 3    g_4_54
