h^0:
2 0 1       1
h^1:
2 1 1   0 1    1
h^2:
2 2 1   0 1 1 2    -1/3
2 2 1   0 1 0 2    1/3
2 2 1   0 1 0 1    1/2
h^3:
2 3 1   0 1 1 2 2 3    -1/3
2 3 1   0 1 0 2 2 3    -1/3
2 3 1   0 1 0 1 0 1    1/6
2 3 1   0 1 0 2 1 3    -1/6
2 3 1   0 1 0 4 1 2    -1/6
2 3 1   0 1 1 2 1 2    1/6
2 3 1   0 1 0 2 0 2    1/6
2 3 1   0 1 0 1 0 2    1/3
2 3 1   0 1 0 1 1 2    -1/3
2 3 1   0 1 2 4 2 3    1/12
2 3 1   0 3 1 2 2 3    -1/6
h^4:
2 4 1   0 1 0 1 0 1 0 1    w_4_1
2 4 1   0 1 0 1 0 1 0 2    w_4_2
2 4 1   0 1 0 1 0 1 1 2    w_4_3
2 4 1   0 1 0 1 0 2 0 2    w_4_4
2 4 1   0 1 0 1 0 2 0 3    w_4_5
2 4 1   0 1 0 1 0 2 0 4    w_4_6
2 4 1   0 1 0 1 0 2 1 2    w_4_7
2 4 1   0 1 0 1 0 2 1 3    w_4_8
2 4 1   0 1 0 1 0 2 1 4    w_4_9
2 4 1   0 1 0 1 0 2 2 3    w_4_10
2 4 1   0 1 0 1 0 2 2 4    w_4_11
2 4 1   0 1 0 1 0 2 3 4    w_4_12
2 4 1   0 1 0 1 0 5 0 4    w_4_13
2 4 1   0 1 0 1 0 5 1 2    w_4_14
2 4 1   0 1 0 1 0 5 1 4    w_4_15
2 4 1   0 1 0 1 0 5 2 4    w_4_16
2 4 1   0 1 0 1 1 2 1 2    w_4_17
2 4 1   0 1 0 1 1 2 1 3    w_4_18
2 4 1   0 1 0 1 1 2 1 4    w_4_19
2 4 1   0 1 0 1 1 2 2 3    w_4_20
2 4 1   0 1 0 1 1 2 2 4    w_4_21
2 4 1   0 1 0 1 1 2 3 4    w_4_22
2 4 1   0 1 0 1 1 5 1 4    w_4_23
2 4 1   0 1 0 1 1 5 2 4    w_4_24
2 4 1   0 1 0 1 2 3 2 3    w_4_25
2 4 1   0 1 0 1 2 3 2 4    w_4_26
2 4 1   0 1 0 1 2 5 2 4    w_4_27
2 4 1   0 1 0 1 2 5 3 4    w_4_28
2 4 1   0 1 0 2 0 2 0 2    w_4_29
2 4 1   0 1 0 2 0 2 0 3    w_4_30
2 4 1   0 1 0 2 0 2 1 2    w_4_31
2 4 1   0 1 0 2 0 2 1 3    w_4_32
2 4 1   0 1 0 2 0 2 2 3    w_4_33
2 4 1   0 1 0 2 0 3 0 3    w_4_34
2 4 1   0 1 0 2 0 3 0 4    w_4_35
2 4 1   0 1 0 2 0 3 1 2    w_4_36
2 4 1   0 1 0 2 0 3 1 3    w_4_37
2 4 1   0 1 0 2 0 3 1 4    w_4_38
2 4 1   0 1 0 2 0 3 2 3    w_4_39
2 4 1   0 1 0 2 0 3 2 4    w_4_40
2 4 1   0 1 0 2 0 3 3 4    w_4_41
2 4 1   0 1 0 2 0 5 0 4    w_4_42
2 4 1   0 1 0 2 0 5 1 2    w_4_43
2 4 1   0 1 0 2 0 5 1 3    w_4_44
2 4 1   0 1 0 2 0 5 1 4    w_4_45
2 4 1   0 1 0 2 0 5 2 3    w_4_46
2 4 1   0 1 0 2 0 5 2 4    w_4_47
2 4 1   0 1 0 2 0 5 3 4    w_4_48
2 4 1   0 1 0 2 1 2 1 2    w_4_49
2 4 1   0 1 0 2 1 2 1 3    w_4_50
2 4 1   0 1 0 2 1 2 1 4    w_4_51
2 4 1   0 1 0 2 1 2 2 3    w_4_52
2 4 1   0 1 0 2 1 2 2 4    w_4_53
2 4 1   0 1 0 2 1 2 3 4    w_4_54
2 4 1   0 1 0 2 1 3 1 3    w_4_55
2 4 1   0 1 0 2 1 3 1 4    w_4_56
2 4 1   0 1 0 2 1 3 2 3    w_4_57
2 4 1   0 1 0 2 1 3 2 4    w_4_58
2 4 1   0 1 0 2 1 3 3 4    w_4_59
2 4 1   0 1 0 2 1 5 1 4    w_4_60
2 4 1   0 1 0 2 1 5 2 3    w_4_61
2 4 1   0 1 0 2 1 5 2 4    w_4_62
2 4 1   0 1 0 2 1 5 3 4    w_4_63
2 4 1   0 1 0 2 2 3 2 3    w_4_64
2 4 1   0 1 0 2 2 3 2 4    w_4_65
2 4 1   0 1 0 2 2 3 3 4    w_4_66
2 4 1   0 1 0 2 2 5 2 4    w_4_67
2 4 1   0 1 0 2 2 5 3 4    w_4_68
2 4 1   0 1 0 2 3 5 3 4    w_4_69
2 4 1   0 1 0 4 0 3 0 3    w_4_70
2 4 1   0 1 0 4 0 3 1 2    w_4_71
2 4 1   0 1 0 4 0 3 1 3    w_4_72
2 4 1   0 1 0 4 0 3 2 3    w_4_73
2 4 1   0 1 0 4 0 5 0 3    w_4_74
2 4 1   0 1 0 4 0 5 1 2    w_4_75
2 4 1   0 1 0 4 0 5 1 3    w_4_76
2 4 1   0 1 0 4 0 5 1 4    w_4_77
2 4 1   0 1 0 4 0 5 2 3    w_4_78
2 4 1   0 1 0 4 0 5 2 4    w_4_79
2 4 1   0 1 0 4 0 5 3 4    w_4_80
2 4 1   0 1 0 4 1 2 0 4    w_4_81
2 4 1   0 1 0 4 1 2 1 2    w_4_82
2 4 1   0 1 0 4 1 2 1 3    w_4_83
2 4 1   0 1 0 4 1 2 1 4    w_4_84
2 4 1   0 1 0 4 1 2 2 3    w_4_85
2 4 1   0 1 0 4 1 2 2 4    w_4_86
2 4 1   0 1 0 4 1 2 3 4    w_4_87
2 4 1   0 1 0 4 1 3 0 4    w_4_88
2 4 1   0 1 0 4 1 3 1 2    w_4_89
2 4 1   0 1 0 4 1 3 1 3    w_4_90
2 4 1   0 1 0 4 1 3 1 4    w_4_91
2 4 1   0 1 0 4 1 3 2 3    w_4_92
2 4 1   0 1 0 4 1 3 2 4    w_4_93
2 4 1   0 1 0 4 1 3 3 4    w_4_94
2 4 1   0 1 0 4 1 5 1 2    w_4_95
2 4 1   0 1 0 4 1 5 1 3    w_4_96
2 4 1   0 1 0 4 1 5 1 4    w_4_97
2 4 1   0 1 0 4 1 5 2 3    w_4_98
2 4 1   0 1 0 4 1 5 2 4    w_4_99
2 4 1   0 1 0 4 1 5 3 4    w_4_100
2 4 1   0 1 0 4 2 3 0 4    w_4_101
2 4 1   0 1 0 4 2 3 1 2    w_4_102
2 4 1   0 1 0 4 2 3 1 3    w_4_103
2 4 1   0 1 0 4 2 3 1 4    w_4_104
2 4 1   0 1 0 4 2 3 2 3    w_4_105
2 4 1   0 1 0 4 2 3 2 4    w_4_106
2 4 1   0 1 0 4 2 3 3 4    w_4_107
2 4 1   0 1 0 4 2 5 1 2    w_4_108
2 4 1   0 1 0 4 2 5 1 3    w_4_109
2 4 1   0 1 0 4 2 5 1 4    w_4_110
2 4 1   0 1 0 4 2 5 2 3    w_4_111
2 4 1   0 1 0 4 2 5 2 4    w_4_112
2 4 1   0 1 0 4 2 5 3 4    w_4_113
2 4 1   0 1 0 4 3 5 1 2    w_4_114
2 4 1   0 1 0 4 3 5 1 3    w_4_115
2 4 1   0 1 0 4 3 5 1 4    w_4_116
2 4 1   0 1 0 4 3 5 2 3    w_4_117
2 4 1   0 1 0 4 3 5 2 4    w_4_118
2 4 1   0 1 0 4 3 5 3 4    w_4_119
2 4 1   0 1 1 2 1 2 1 2    w_4_120
2 4 1   0 1 1 2 1 2 1 3    w_4_121
2 4 1   0 1 1 2 1 2 2 3    w_4_122
2 4 1   0 1 1 2 1 3 1 3    w_4_123
2 4 1   0 1 1 2 1 3 1 4    w_4_124
2 4 1   0 1 1 2 1 3 2 3    w_4_125
2 4 1   0 1 1 2 1 3 2 4    w_4_126
2 4 1   0 1 1 2 1 3 3 4    w_4_127
2 4 1   0 1 1 2 1 5 1 4    w_4_128
2 4 1   0 1 1 2 1 5 2 3    w_4_129
2 4 1   0 1 1 2 1 5 2 4    w_4_130
2 4 1   0 1 1 2 1 5 3 4    w_4_131
2 4 1   0 1 1 2 2 3 2 3    w_4_132
2 4 1   0 1 1 2 2 3 2 4    w_4_133
2 4 1   0 1 1 2 2 3 3 4    w_4_134
2 4 1   0 1 1 2 2 5 2 4    w_4_135
2 4 1   0 1 1 2 2 5 3 4    w_4_136
2 4 1   0 1 1 2 3 5 3 4    w_4_137
2 4 1   0 1 1 4 1 3 1 3    w_4_138
2 4 1   0 1 1 4 1 3 2 3    w_4_139
2 4 1   0 1 1 4 1 5 1 3    w_4_140
2 4 1   0 1 1 4 1 5 2 3    w_4_141
2 4 1   0 1 1 4 1 5 2 4    w_4_142
2 4 1   0 1 1 4 1 5 3 4    w_4_143
2 4 1   0 1 1 4 2 3 1 4    w_4_144
2 4 1   0 1 1 4 2 3 2 3    w_4_145
2 4 1   0 1 1 4 2 3 2 4    w_4_146
2 4 1   0 1 1 4 2 3 3 4    w_4_147
2 4 1   0 1 1 4 2 5 2 3    w_4_148
2 4 1   0 1 1 4 2 5 2 4    w_4_149
2 4 1   0 1 1 4 2 5 3 4    w_4_150
2 4 1   0 1 1 4 3 5 2 3    w_4_151
2 4 1   0 1 1 4 3 5 2 4    w_4_152
2 4 1   0 1 1 4 3 5 3 4    w_4_153
2 4 1   0 1 2 4 2 3 2 3    w_4_154
2 4 1   0 1 2 4 2 5 2 3    w_4_155
2 4 1   0 1 2 4 2 5 3 4    w_4_156
2 4 1   0 1 2 4 3 5 3 4    w_4_157
2 4 1   0 3 0 2 0 2 1 2    w_4_158
2 4 1   0 3 0 2 0 2 1 3    w_4_159
2 4 1   0 3 0 2 0 2 1 4    w_4_160
2 4 1   0 3 0 2 0 5 1 2    w_4_161
2 4 1   0 3 0 2 0 5 1 4    w_4_162
2 4 1   0 3 0 2 1 2 1 2    w_4_163
2 4 1   0 3 0 2 1 2 1 3    w_4_164
2 4 1   0 3 0 2 1 2 1 4    w_4_165
2 4 1   0 3 0 2 1 2 2 3    w_4_166
2 4 1   0 3 0 2 1 2 2 4    w_4_167
2 4 1   0 3 0 2 1 2 3 4    w_4_168
2 4 1   0 3 0 2 1 5 1 4    w_4_169
2 4 1   0 3 0 2 1 5 2 4    w_4_170
2 4 1   0 3 0 4 0 2 1 2    w_4_171
2 4 1   0 3 0 4 0 5 1 2    w_4_172
2 4 1   0 3 0 4 0 5 1 3    w_4_173
2 4 1   0 3 0 4 0 5 1 4    w_4_174
2 4 1   0 3 0 4 1 2 0 3    w_4_175
2 4 1   0 3 0 4 1 2 0 4    w_4_176
2 4 1   0 3 0 4 1 2 1 2    w_4_177
2 4 1   0 3 0 4 1 2 1 3    w_4_178
2 4 1   0 3 0 4 1 2 1 4    w_4_179
2 4 1   0 3 0 4 1 2 2 3    w_4_180
2 4 1   0 3 0 4 1 2 2 4    w_4_181
2 4 1   0 3 0 4 1 2 3 4    w_4_182
2 4 1   0 3 0 4 1 3 0 3    w_4_183
2 4 1   0 3 0 4 1 3 0 4    w_4_184
2 4 1   0 3 0 4 1 3 1 2    w_4_185
2 4 1   0 3 0 4 1 3 1 3    w_4_186
2 4 1   0 3 0 4 1 3 1 4    w_4_187
2 4 1   0 3 0 4 1 3 2 3    w_4_188
2 4 1   0 3 0 4 1 3 2 4    w_4_189
2 4 1   0 3 0 4 1 3 3 4    w_4_190
2 4 1   0 3 0 4 1 5 0 4    w_4_191
2 4 1   0 3 0 4 1 5 1 2    w_4_192
2 4 1   0 3 0 4 1 5 1 3    w_4_193
2 4 1   0 3 0 4 1 5 1 4    w_4_194
2 4 1   0 3 0 4 1 5 2 3    w_4_195
2 4 1   0 3 0 4 1 5 2 4    w_4_196
2 4 1   0 3 0 4 1 5 3 4    w_4_197
2 4 1   0 3 0 4 2 3 1 2    w_4_198
2 4 1   0 3 0 4 2 3 1 3    w_4_199
2 4 1   0 3 0 4 2 3 1 4    w_4_200
2 4 1   0 3 0 4 2 5 1 2    w_4_201
2 4 1   0 3 0 4 2 5 1 3    w_4_202
2 4 1   0 3 0 4 2 5 1 4    w_4_203
2 4 1   0 3 0 4 3 5 1 2    w_4_204
2 4 1   0 3 0 4 3 5 1 3    w_4_205
2 4 1   0 3 0 4 3 5 1 4    w_4_206
2 4 1   0 3 1 2 0 3 0 3    w_4_207
2 4 1   0 3 1 2 0 3 1 2    w_4_208
2 4 1   0 3 1 2 0 3 1 3    w_4_209
2 4 1   0 3 1 2 0 3 1 4    w_4_210
2 4 1   0 3 1 2 0 3 2 3    w_4_211
2 4 1   0 3 1 2 0 3 2 4    w_4_212
2 4 1   0 3 1 2 0 3 3 4    w_4_213
2 4 1   0 3 1 2 0 5 1 2    w_4_214
2 4 1   0 3 1 2 0 5 1 3    w_4_215
2 4 1   0 3 1 2 0 5 1 4    w_4_216
2 4 1   0 3 1 2 0 5 2 3    w_4_217
2 4 1   0 3 1 2 0 5 2 4    w_4_218
2 4 1   0 3 1 2 0 5 3 4    w_4_219
2 4 1   0 3 1 2 1 2 1 2    w_4_220
2 4 1   0 3 1 2 1 2 1 3    w_4_221
2 4 1   0 3 1 2 1 2 1 4    w_4_222
2 4 1   0 3 1 2 1 2 2 3    w_4_223
2 4 1   0 3 1 2 1 2 2 4    w_4_224
2 4 1   0 3 1 2 1 2 3 4    w_4_225
2 4 1   0 3 1 2 1 3 1 3    w_4_226
2 4 1   0 3 1 2 1 3 1 4    w_4_227
2 4 1   0 3 1 2 1 3 2 3    w_4_228
2 4 1   0 3 1 2 1 3 2 4    w_4_229
2 4 1   0 3 1 2 1 3 3 4    w_4_230
2 4 1   0 3 1 2 1 5 1 4    w_4_231
2 4 1   0 3 1 2 1 5 2 3    w_4_232
2 4 1   0 3 1 2 1 5 2 4    w_4_233
2 4 1   0 3 1 2 1 5 3 4    w_4_234
2 4 1   0 3 1 2 2 3 2 3    w_4_235
2 4 1   0 3 1 2 2 3 2 4    w_4_236
2 4 1   0 3 1 2 2 3 3 4    w_4_237
2 4 1   0 3 1 2 2 5 2 4    w_4_238
2 4 1   0 3 1 2 2 5 3 4    w_4_239
2 4 1   0 3 1 2 3 5 3 4    w_4_240
2 4 1   0 3 1 4 0 5 1 2    w_4_241
2 4 1   0 3 1 4 0 5 1 3    w_4_242
2 4 1   0 3 1 4 0 5 2 3    w_4_243
2 4 1   0 3 1 4 0 5 2 4    w_4_244
2 4 1   0 3 1 4 0 5 3 4    w_4_245
2 4 1   0 3 1 4 1 2 0 3    w_4_246
2 4 1   0 3 1 4 1 2 1 2    w_4_247
2 4 1   0 3 1 4 1 2 1 3    w_4_248
2 4 1   0 3 1 4 1 2 1 4    w_4_249
2 4 1   0 3 1 4 1 2 2 3    w_4_250
2 4 1   0 3 1 4 1 2 2 4    w_4_251
2 4 1   0 3 1 4 1 2 3 4    w_4_252
2 4 1   0 3 1 4 1 3 0 3    w_4_253
2 4 1   0 3 1 4 1 3 0 4    w_4_254
2 4 1   0 3 1 4 1 3 1 2    w_4_255
2 4 1   0 3 1 4 1 3 1 3    w_4_256
2 4 1   0 3 1 4 1 3 1 4    w_4_257
2 4 1   0 3 1 4 1 3 2 3    w_4_258
2 4 1   0 3 1 4 1 3 2 4    w_4_259
2 4 1   0 3 1 4 1 3 3 4    w_4_260
2 4 1   0 3 1 4 1 5 1 2    w_4_261
2 4 1   0 3 1 4 1 5 1 3    w_4_262
2 4 1   0 3 1 4 1 5 1 4    w_4_263
2 4 1   0 3 1 4 1 5 2 3    w_4_264
2 4 1   0 3 1 4 1 5 2 4    w_4_265
2 4 1   0 3 1 4 1 5 3 4    w_4_266
2 4 1   0 3 1 4 2 3 0 3    w_4_267
2 4 1   0 3 1 4 2 3 0 4    w_4_268
2 4 1   0 3 1 4 2 3 1 2    w_4_269
2 4 1   0 3 1 4 2 3 1 3    w_4_270
2 4 1   0 3 1 4 2 3 1 4    w_4_271
2 4 1   0 3 1 4 2 3 2 3    w_4_272
2 4 1   0 3 1 4 2 3 2 4    w_4_273
2 4 1   0 3 1 4 2 3 3 4    w_4_274
2 4 1   0 3 1 4 2 5 0 4    w_4_275
2 4 1   0 3 1 4 2 5 1 2    w_4_276
2 4 1   0 3 1 4 2 5 1 3    w_4_277
2 4 1   0 3 1 4 2 5 1 4    w_4_278
2 4 1   0 3 1 4 2 5 2 3    w_4_279
2 4 1   0 3 1 4 2 5 2 4    w_4_280
2 4 1   0 3 1 4 2 5 3 4    w_4_281
2 4 1   0 3 1 4 3 5 0 4    w_4_282
2 4 1   0 3 1 4 3 5 1 2    w_4_283
2 4 1   0 3 1 4 3 5 1 3    w_4_284
2 4 1   0 3 1 4 3 5 1 4    w_4_285
2 4 1   0 3 1 4 3 5 2 3    w_4_286
2 4 1   0 3 1 4 3 5 2 4    w_4_287
2 4 1   0 3 1 4 3 5 3 4    w_4_288
2 4 1   0 3 2 4 0 3 1 2    w_4_289
2 4 1   0 3 2 4 1 2 0 3    w_4_290
2 4 1   0 3 2 4 1 2 1 2    w_4_291
2 4 1   0 3 2 4 1 2 1 3    w_4_292
2 4 1   0 3 2 4 1 2 1 4    w_4_293
2 4 1   0 3 2 4 1 2 2 3    w_4_294
2 4 1   0 3 2 4 1 2 2 4    w_4_295
2 4 1   0 3 2 4 1 2 3 4    w_4_296
2 4 1   0 3 2 4 1 3 0 3    w_4_297
2 4 1   0 3 2 4 1 3 1 2    w_4_298
2 4 1   0 3 2 4 1 3 1 3    w_4_299
2 4 1   0 3 2 4 1 3 1 4    w_4_300
2 4 1   0 3 2 4 1 3 2 3    w_4_301
2 4 1   0 3 2 4 1 3 2 4    w_4_302
2 4 1   0 3 2 4 1 3 3 4    w_4_303
2 4 1   0 3 2 4 1 5 0 3    w_4_304
2 4 1   0 3 2 4 1 5 1 2    w_4_305
2 4 1   0 3 2 4 1 5 1 3    w_4_306
2 4 1   0 3 2 4 1 5 1 4    w_4_307
2 4 1   0 3 2 4 1 5 2 3    w_4_308
2 4 1   0 3 2 4 1 5 2 4    w_4_309
2 4 1   0 3 2 4 1 5 3 4    w_4_310
2 4 1   0 3 2 4 2 3 1 2    w_4_311
2 4 1   0 3 2 4 2 3 1 3    w_4_312
2 4 1   0 3 2 4 2 3 1 4    w_4_313
2 4 1   0 3 2 4 2 5 1 2    w_4_314
2 4 1   0 3 2 4 2 5 1 3    w_4_315
2 4 1   0 3 2 4 2 5 1 4    w_4_316
2 4 1   0 3 2 4 3 5 1 2    w_4_317
2 4 1   0 3 2 4 3 5 1 3    w_4_318
2 4 1   0 3 2 4 3 5 1 4    w_4_319
2 4 1   0 3 4 5 1 2 1 3    w_4_320
2 4 1   0 3 4 5 1 2 1 4    w_4_321
2 4 1   0 3 4 5 1 2 2 3    w_4_322
2 4 1   0 3 4 5 1 2 2 4    w_4_323
2 4 1   0 3 4 5 1 2 3 4    w_4_324
2 4 1   0 3 4 5 1 3 1 4    w_4_325
2 4 1   0 3 4 5 1 3 2 3    w_4_326
2 4 1   0 3 4 5 1 3 2 4    w_4_327
2 4 1   0 3 4 5 1 3 3 4    w_4_328
2 4 1   0 3 4 5 1 5 2 3    w_4_329
2 4 1   0 3 4 5 1 5 2 4    w_4_330
2 4 1   0 3 4 5 1 5 3 4    w_4_331
